timestamp,wafer_id,lot_id,recipe_id,tool_id,temperature_c,pressure_kpa,gas_flow_sccm,vibration_rms,motor_current_a,defect_flag
2026-08-03 09:00:00,WAFER_00001,LOT_001,RCP_03,TOOL_B,65.6643012901977,101.58843411509432,500.7193017446801,1.914034500821702,8.141579404174928,0
2026-08-03 09:00:01,WAFER_00002,LOT_001,RCP_02,TOOL_B,64.97115572107754,101.605351834399,495.7649791201888,1.9075576333746185,8.12381435580886,0
2026-08-03 09:00:02,WAFER_00003,LOT_001,RCP_03,TOOL_A,65.45603768112888,100.56601627957812,498.6674891647651,1.7569146281115056,7.7494198504033385,0
2026-08-03 09:00:03,WAFER_00004,LOT_001,RCP_02,TOOL_B,65.31527289282566,101.19629120854405,494.7853332660334,1.5810589034227502,8.100727035751284,0
2026-08-03 09:00:04,WAFER_00005,LOT_001,RCP_01,TOOL_B,64.65086348448362,101.56398163851094,502.24698123244985,1.9129782813769285,8.21370720642556,0
2026-08-03 09:00:05,WAFER_00006,LOT_001,RCP_03,TOOL_B,65.46936147466626,100.71989737445868,500.6140346651376,1.9226191381550166,8.311888195872609,1
2026-08-03 09:00:06,WAFER_00007,LOT_001,RCP_03,TOOL_A,65.30011126658881,101.05113965630221,493.9106022901873,1.9788048806180518,8.112348930036603,0
2026-08-03 09:00:07,WAFER_00008,LOT_001,RCP_03,TOOL_A,64.68891038019188,100.980615638315,501.30041998785333,1.8624132848157795,7.739382359942486,0
2026-08-03 09:00:08,WAFER_00009,LOT_001,RCP_01,TOOL_A,64.55818123700034,101.30824530500277,499.79091689465594,1.5663000173041348,7.780944321015019,0
2026-08-03 09:00:09,WAFER_00010,LOT_001,RCP_02,TOOL_A,65.75273909459064,101.71858450810375,501.9107328461913,1.938068032273836,7.8825100180617085,0
2026-08-03 09:00:10,WAFER_00011,LOT_001,RCP_01,TOOL_A,65.18466719100091,102.06858397377266,498.55132999510494,1.7997237839543319,8.051155255196862,0
2026-08-03 09:00:11,WAFER_00012,LOT_001,RCP_03,TOOL_A,64.81467761532734,100.99057072983214,497.0345262172508,1.7034525111353314,7.9669962526469496,0
2026-08-03 09:00:12,WAFER_00013,LOT_001,RCP_02,TOOL_B,64.26062989959276,101.30009175518755,497.1478748821061,1.7410728325612577,7.696592342279653,0
2026-08-03 09:00:13,WAFER_00014,LOT_001,RCP_03,TOOL_A,65.39616132794693,101.51234318381408,498.0087701987709,1.661948564321924,7.694975590734936,0
2026-08-03 09:00:14,WAFER_00015,LOT_001,RCP_02,TOOL_C,65.74936953592471,101.2472977931756,500.06965285734987,2.297768755770886,7.783399120775195,1
2026-08-03 09:00:15,WAFER_00016,LOT_001,RCP_01,TOOL_B,64.9103560952939,101.4516122612009,500.5474463220717,1.516377053283996,7.157741770555637,0
2026-08-03 09:00:16,WAFER_00017,LOT_001,RCP_02,TOOL_B,65.62735978563393,101.2154221509315,499.29433645211003,1.6013028130387164,7.9644189078021705,0
2026-08-03 09:00:17,WAFER_00018,LOT_001,RCP_01,TOOL_B,65.16892676999295,101.94127664590644,498.43371766871286,1.7342454230656612,8.626462201288572,0
2026-08-03 09:00:18,WAFER_00019,LOT_001,RCP_03,TOOL_B,65.67620021976603,101.71893727545987,498.69980790837974,2.1227501696478,8.485130471423686,0
2026-08-03 09:00:19,WAFER_00020,LOT_001,RCP_02,TOOL_B,64.3588541555338,100.69714151891266,509.27858170637563,2.0108561098185698,7.735877518726798,0
2026-08-03 09:00:20,WAFER_00021,LOT_001,RCP_03,TOOL_C,65.90001100243988,101.60237401073461,497.1483169394566,1.791831839350555,8.390473890295464,0
2026-08-03 09:00:21,WAFER_00022,LOT_001,RCP_01,TOOL_B,64.83923262210867,101.63910188231435,497.9355035683791,2.0702694177504974,7.6045635322864555,0
2026-08-03 09:00:22,WAFER_00023,LOT_001,RCP_03,TOOL_B,65.86428437773324,101.41968756911767,512.1872602009621,2.069884043396737,7.645730426668307,0
2026-08-03 09:00:23,WAFER_00024,LOT_001,RCP_03,TOOL_B,65.05919840864667,101.72994126079104,501.55774921910404,1.5651983347954714,7.676682398639797,0
2026-08-03 09:00:24,WAFER_00025,LOT_001,RCP_03,TOOL_B,65.53498368680476,101.37146813303363,494.89407153615633,1.295708345880711,7.939115355200705,0
2026-08-03 09:00:25,WAFER_00026,LOT_002,RCP_01,TOOL_A,65.16896141789006,101.37617773400898,503.1179426547159,1.7855556755305515,7.950735905242767,0
2026-08-03 09:00:26,WAFER_00027,LOT_002,RCP_02,TOOL_B,64.92606400804358,101.14607140697727,496.63285610995575,2.0244848818599643,8.068229532117853,0
2026-08-03 09:00:27,WAFER_00028,LOT_002,RCP_01,TOOL_B,65.19418169268135,100.53306724739612,503.36352757887886,2.1182523939600406,8.179068425220157,0
2026-08-03 09:00:28,WAFER_00029,LOT_002,RCP_01,TOOL_C,64.87212940390759,101.26944861031576,499.2194395663285,1.94583454712775,8.259042150683307,1
2026-08-03 09:00:29,WAFER_00030,LOT_002,RCP_02,TOOL_B,64.68845131854019,100.84606478170726,498.3727553568892,2.150395820932593,8.009774532078909,0
2026-08-03 09:00:30,WAFER_00031,LOT_002,RCP_02,TOOL_B,65.7706320237411,100.64914976828682,505.95391038466204,1.3544135208366597,7.7046706231936435,0
2026-08-03 09:00:31,WAFER_00032,LOT_002,RCP_03,TOOL_C,65.9534973758535,101.84492694820102,502.0956850048392,2.0463898772341427,7.986985803450561,1
2026-08-03 09:00:32,WAFER_00033,LOT_002,RCP_01,TOOL_B,64.63478492237688,101.49159885704309,503.60006091856206,1.7165578661568506,7.595277466566956,0
2026-08-03 09:00:33,WAFER_00034,LOT_002,RCP_01,TOOL_A,65.27285326668542,101.28866418924108,501.6092028142238,2.0304674049848606,8.175296906304622,0
2026-08-03 09:00:34,WAFER_00035,LOT_002,RCP_02,TOOL_A,64.64351414974345,100.88537472658108,498.35555526196555,2.059660493187956,7.908764881016174,0
2026-08-03 09:00:35,WAFER_00036,LOT_002,RCP_01,TOOL_A,64.43135137104208,101.41254444215892,502.26201135495535,1.990844731086679,7.494797529037411,0
2026-08-03 09:00:36,WAFER_00037,LOT_002,RCP_01,TOOL_A,65.49622853187151,101.67674571546065,504.4740969529325,1.5298899902508212,7.982965982775426,0
2026-08-03 09:00:37,WAFER_00038,LOT_002,RCP_02,TOOL_A,64.18203217968924,100.78575297945216,500.49853076101493,1.9725238063597845,7.662818240417757,0
2026-08-03 09:00:38,WAFER_00039,LOT_002,RCP_01,TOOL_B,65.44489083851674,101.29816521853489,506.6660776360821,1.9018083937186985,8.448302281122702,0
2026-08-03 09:00:39,WAFER_00040,LOT_002,RCP_02,TOOL_B,64.87869328996493,101.42986526956344,503.14680265184705,1.4657531229440819,7.843718135171557,0
2026-08-03 09:00:40,WAFER_00041,LOT_002,RCP_02,TOOL_A,64.89845763052135,100.36431957094803,500.78433543415497,1.3865972342396626,8.184006616171162,0
2026-08-03 09:00:41,WAFER_00042,LOT_002,RCP_03,TOOL_B,65.64668058541918,101.27812349028595,500.93050016476593,2.0075978580041554,8.294020017393947,0
2026-08-03 09:00:42,WAFER_00043,LOT_002,RCP_02,TOOL_A,65.27897542975724,100.93686927919192,500.5077773771802,1.763980139804151,7.742169317809599,0
2026-08-03 09:00:43,WAFER_00044,LOT_002,RCP_01,TOOL_C,64.60335527512213,101.24914465405308,495.37041649329853,1.862963581509025,8.370532721739771,1
2026-08-03 09:00:44,WAFER_00045,LOT_002,RCP_03,TOOL_A,65.79450829220004,101.10938114857868,499.66673287550816,1.7583656142582462,8.1494363333748,0
2026-08-03 09:00:45,WAFER_00046,LOT_002,RCP_03,TOOL_B,65.50441785825211,101.35229734997877,500.81838999576235,1.8728082162226405,8.03119746655073,0
2026-08-03 09:00:46,WAFER_00047,LOT_002,RCP_01,TOOL_A,64.39709369942334,102.03097834376064,498.46048505131387,1.7834297746664907,8.097497205013651,0
2026-08-03 09:00:47,WAFER_00048,LOT_002,RCP_01,TOOL_B,64.91846024788173,101.17690945990715,501.2494049692074,1.4896027693747826,7.641000063739028,0
2026-08-03 09:00:48,WAFER_00049,LOT_002,RCP_02,TOOL_A,65.66301392746828,101.21085018345576,500.0788377143139,2.177111380712822,8.149589779322922,0
2026-08-03 09:00:49,WAFER_00050,LOT_002,RCP_01,TOOL_B,65.80476550315794,102.05800363899546,502.86265999706546,2.0008435937975784,7.868735667573368,0
2026-08-03 09:00:50,WAFER_00051,LOT_003,RCP_01,TOOL_A,65.34432725965216,101.09099408021842,502.4535158099432,1.7329245096653065,8.094351830286717,0
2026-08-03 09:00:51,WAFER_00052,LOT_003,RCP_01,TOOL_C,64.42863512567918,101.989576632593,500.61846716406393,2.0609810688195425,8.598396988298894,0
2026-08-03 09:00:52,WAFER_00053,LOT_003,RCP_03,TOOL_B,65.68549131317883,101.3020227425183,494.9413123021826,1.8718974789426353,8.180578297029934,0
2026-08-03 09:00:53,WAFER_00054,LOT_003,RCP_02,TOOL_B,65.40841323385241,101.77712056582867,506.62567413312036,1.5740757208519338,8.094154325882158,0
2026-08-03 09:00:54,WAFER_00055,LOT_003,RCP_02,TOOL_C,65.34833983199299,101.38507642747959,499.47500330528675,2.1845352873073938,8.52337463996982,1
2026-08-03 09:00:55,WAFER_00056,LOT_003,RCP_03,TOOL_C,65.8267780585702,101.41670117778132,499.700720121328,1.853853512627847,8.535870984549971,0
2026-08-03 09:00:56,WAFER_00057,LOT_003,RCP_02,TOOL_A,65.17436627803882,101.0750603408831,498.7326728598123,1.7858931566309668,8.40378531357366,0
2026-08-03 09:00:57,WAFER_00058,LOT_003,RCP_02,TOOL_A,64.96524207736134,100.8628642528459,498.1928768725575,1.5662857000286283,7.990806311145052,0
2026-08-03 09:00:58,WAFER_00059,LOT_003,RCP_01,TOOL_A,64.70798360196608,101.32880078898646,505.7130147776019,1.576383203534657,8.044268388229446,0
2026-08-03 09:00:59,WAFER_00060,LOT_003,RCP_01,TOOL_A,64.08899095111929,101.64099735442761,505.1283639854285,2.129144522723642,8.25165803842355,0
2026-08-03 09:01:00,WAFER_00061,LOT_003,RCP_02,TOOL_B,65.16302804802241,101.09501765622126,501.6442555932374,1.8118451788569108,7.867595345363852,0
2026-08-03 09:01:01,WAFER_00062,LOT_003,RCP_02,TOOL_C,65.08930536495305,100.97968333407648,499.60224942860634,2.1614812970802335,7.989477782376944,0
2026-08-03 09:01:02,WAFER_00063,LOT_003,RCP_02,TOOL_C,65.26763640455592,101.00470263701244,502.2907365445509,1.7177240277837356,8.483172147137347,0
2026-08-03 09:01:03,WAFER_00064,LOT_003,RCP_03,TOOL_B,64.80797902721942,101.67714111316155,500.2730488325467,1.6805996482957906,7.944373605153695,0
2026-08-03 09:01:04,WAFER_00065,LOT_003,RCP_02,TOOL_B,65.30960801087123,101.56556135293793,499.29617520220455,1.8922424237408695,7.67396759883172,0
2026-08-03 09:01:05,WAFER_00066,LOT_003,RCP_02,TOOL_C,65.98618164541797,100.84648280476802,501.25099190957343,2.158827253189501,8.485146320932555,0
2026-08-03 09:01:06,WAFER_00067,LOT_003,RCP_02,TOOL_C,65.0376560627734,100.84593661416994,498.36771633630184,1.689194035729259,8.736405914057897,0
2026-08-03 09:01:07,WAFER_00068,LOT_003,RCP_01,TOOL_A,64.97040064678086,101.4441563894735,500.9333777768127,1.8414275833314162,7.559969512501946,0
2026-08-03 09:01:08,WAFER_00069,LOT_003,RCP_01,TOOL_B,65.14832113092113,101.88046218460775,500.75561742480005,1.8733117607099379,8.27602774870845,0
2026-08-03 09:01:09,WAFER_00070,LOT_003,RCP_02,TOOL_C,65.97552177186097,101.53547631715877,502.23086327865434,2.3767523996397397,7.6649917707486654,0
2026-08-03 09:01:10,WAFER_00071,LOT_003,RCP_01,TOOL_A,64.50864907438405,100.82429615937163,497.70919325734025,1.6689537762123314,7.891922609850991,0
2026-08-03 09:01:11,WAFER_00072,LOT_003,RCP_02,TOOL_A,65.09753932802907,100.99965113140308,502.6275045056432,1.3515862559728657,8.496939296305497,0
2026-08-03 09:01:12,WAFER_00073,LOT_003,RCP_03,TOOL_C,65.06616443729713,100.94637064921798,496.6466474760831,1.9206458496389691,8.261352506901526,0
2026-08-03 09:01:13,WAFER_00074,LOT_003,RCP_01,TOOL_C,64.7374377339944,101.1983452416722,497.8815033890014,1.9005869922262886,8.374283366871667,1
2026-08-03 09:01:14,WAFER_00075,LOT_003,RCP_01,TOOL_C,64.97619665221667,101.90967579849344,498.04297728116074,2.267341775555995,8.55597387420886,0
2026-08-03 09:01:15,WAFER_00076,LOT_004,RCP_01,TOOL_B,65.6467151559745,100.75941175346244,496.03340844221736,1.2566526823209365,7.536552151203624,0
2026-08-03 09:01:16,WAFER_00077,LOT_004,RCP_01,TOOL_A,65.8644754883306,100.68483118855353,503.75795044852697,1.7103287079854756,8.019465596226734,0
2026-08-03 09:01:17,WAFER_00078,LOT_004,RCP_02,TOOL_A,65.21510822942082,100.78514942169522,496.41450583809774,2.085159094715451,8.017337529429554,0
2026-08-03 09:01:18,WAFER_00079,LOT_004,RCP_02,TOOL_B,64.81923453294873,101.20917802897887,497.4140095515953,1.801442492566727,8.50282666277716,0
2026-08-03 09:01:19,WAFER_00080,LOT_004,RCP_03,TOOL_B,66.6465146559865,101.53588683184348,504.6450085288006,1.979263363235285,7.666349975630587,0
2026-08-03 09:01:20,WAFER_00081,LOT_004,RCP_02,TOOL_B,64.79477384896182,101.26623040524737,497.8888440031415,1.4716403332897825,7.8969843845584675,0
2026-08-03 09:01:21,WAFER_00082,LOT_004,RCP_02,TOOL_B,64.72585476110733,101.54676045322778,499.30387206498904,1.4796020973587356,7.749343936477624,0
2026-08-03 09:01:22,WAFER_00083,LOT_004,RCP_03,TOOL_A,64.59802733860221,100.63002747419111,496.2554926966088,2.087448491569047,7.720708813003328,0
2026-08-03 09:01:23,WAFER_00084,LOT_004,RCP_01,TOOL_B,65.67012395323748,101.75156788457639,503.0819194682039,1.8202430731514507,8.304398736307435,0
2026-08-03 09:01:24,WAFER_00085,LOT_004,RCP_01,TOOL_A,65.46475788433823,101.1814037783824,503.1329241035069,1.8206548724418288,8.00719590554022,0
2026-08-03 09:01:25,WAFER_00086,LOT_004,RCP_01,TOOL_A,66.1605466573359,101.57796783772585,502.73409984525676,1.5763694343786008,7.8499968569648395,0
2026-08-03 09:01:26,WAFER_00087,LOT_004,RCP_02,TOOL_A,64.3330287909353,100.59709833782998,501.9888603643176,1.8201563457900463,7.8601816066915156,0
2026-08-03 09:01:27,WAFER_00088,LOT_004,RCP_02,TOOL_A,65.69992198758997,101.10188354486344,500.27227971077207,1.5708124863319808,7.847928689224743,0
2026-08-03 09:01:28,WAFER_00089,LOT_004,RCP_01,TOOL_C,65.03366504881573,101.38978289282382,498.05980633232946,2.3573740897811297,8.222073142099923,0
2026-08-03 09:01:29,WAFER_00090,LOT_004,RCP_02,TOOL_A,65.38692810406407,101.53918539424939,496.98461356533574,2.3455661419736344,7.658599757041898,0
2026-08-03 09:01:30,WAFER_00091,LOT_004,RCP_01,TOOL_A,64.20906697226985,100.69760324340905,504.77265044901816,1.896788210733066,7.930143023507396,0
2026-08-03 09:01:31,WAFER_00092,LOT_004,RCP_02,TOOL_B,65.70467927487934,101.11168596844325,502.8297758053884,1.6730107229076914,7.903014193253921,0
2026-08-03 09:01:32,WAFER_00093,LOT_004,RCP_02,TOOL_B,65.37752804063928,100.68761058936597,497.4347743593584,1.2932683339010684,7.795394889271098,0
2026-08-03 09:01:33,WAFER_00094,LOT_004,RCP_01,TOOL_A,64.98132318330262,101.49208849679914,500.1473775424256,1.4631071770915318,8.041862489202343,0
2026-08-03 09:01:34,WAFER_00095,LOT_004,RCP_01,TOOL_A,65.30965409007734,101.59534228385333,498.8895741559555,2.110972366205427,8.064770159631903,0
2026-08-03 09:01:35,WAFER_00096,LOT_004,RCP_02,TOOL_A,64.63256225549972,101.58912469215306,495.82562038888875,1.5941616313457854,7.849705252141239,0
2026-08-03 09:01:36,WAFER_00097,LOT_004,RCP_01,TOOL_B,64.72186875892078,101.09668880736281,500.65731009349884,1.7258330236626975,7.961083779293111,0
2026-08-03 09:01:37,WAFER_00098,LOT_004,RCP_01,TOOL_A,64.77754658545982,101.65234606456174,498.462677142315,1.9310651949158357,8.582828406263232,0
2026-08-03 09:01:38,WAFER_00099,LOT_004,RCP_01,TOOL_A,64.11069062638866,101.81714260324128,496.47561433470594,2.0964579598723585,8.572516979822577,0
2026-08-03 09:01:39,WAFER_00100,LOT_004,RCP_03,TOOL_A,65.86364407721761,100.67556615145492,494.5272095496755,1.7600826157672325,7.7153956486649715,0
2026-08-03 09:01:40,WAFER_00101,LOT_005,RCP_03,TOOL_B,66.02196493480764,101.53269106963741,494.21392704923903,1.719066626066793,7.753099157021089,0
2026-08-03 09:01:41,WAFER_00102,LOT_005,RCP_02,TOOL_A,64.66335480811335,101.46423427643643,498.62572332752984,1.8143242057021367,7.713961115212161,0
2026-08-03 09:01:42,WAFER_00103,LOT_005,RCP_01,TOOL_C,65.16713744765352,101.20168397317278,499.6851486094278,1.9944724366721567,8.635404563792504,1
2026-08-03 09:01:43,WAFER_00104,LOT_005,RCP_03,TOOL_A,65.32254057217797,100.83990604054046,496.76138700239943,1.6852361593414091,7.892397089114563,0
2026-08-03 09:01:44,WAFER_00105,LOT_005,RCP_03,TOOL_B,65.6075715017989,101.65832318732167,502.40773588233174,1.8823760235067748,8.064712045771001,0
2026-08-03 09:01:45,WAFER_00106,LOT_005,RCP_02,TOOL_A,64.69876292421871,100.64418664552805,499.757477795403,1.8370583035668973,8.539181179985839,0
2026-08-03 09:01:46,WAFER_00107,LOT_005,RCP_02,TOOL_A,64.57595592507793,101.03222645488586,502.134475649215,2.226321061311717,7.997174505536175,0
2026-08-03 09:01:47,WAFER_00108,LOT_005,RCP_01,TOOL_A,65.5049959452914,101.28475285803474,499.3232300763055,1.887769763327086,8.190687154874476,0
2026-08-03 09:01:48,WAFER_00109,LOT_005,RCP_01,TOOL_C,64.96934211914024,101.57190445964751,497.08766474973373,2.3502291096187653,8.490513602311106,0
2026-08-03 09:01:49,WAFER_00110,LOT_005,RCP_03,TOOL_C,66.42061229640967,101.06188000738524,500.42223501321286,1.9057429646553739,8.191181315042094,0
2026-08-03 09:01:50,WAFER_00111,LOT_005,RCP_02,TOOL_A,65.02222878310118,100.83985819824541,495.3281043055322,1.9050314580060543,8.285973667570302,0
2026-08-03 09:01:51,WAFER_00112,LOT_005,RCP_01,TOOL_A,64.55548254063176,101.33758788192998,501.99592252635557,1.6554037306797882,7.77058078154295,0
2026-08-03 09:01:52,WAFER_00113,LOT_005,RCP_01,TOOL_C,65.58893162068925,101.6824283814955,496.5325479359014,2.1990906526593115,8.711767542339928,0
2026-08-03 09:01:53,WAFER_00114,LOT_005,RCP_02,TOOL_B,65.30278407879008,101.96923100024819,503.39746034817375,1.9377029196229683,7.841388239393538,0
2026-08-03 09:01:54,WAFER_00115,LOT_005,RCP_01,TOOL_A,65.34889897457428,100.72715714408406,498.7477137389049,1.8099737688002948,7.870948715455254,0
2026-08-03 09:01:55,WAFER_00116,LOT_005,RCP_03,TOOL_A,66.02148832585661,101.4198299667589,503.9313740103467,2.2814651442949585,7.706108287620766,1
2026-08-03 09:01:56,WAFER_00117,LOT_005,RCP_03,TOOL_B,65.13665777895402,100.88711669003096,495.84629420222325,2.0855959538216906,7.750449959079505,0
2026-08-03 09:01:57,WAFER_00118,LOT_005,RCP_02,TOOL_B,64.93891841168706,101.48714827241855,497.4922521073034,2.0354490665658194,7.884773632971296,0
2026-08-03 09:01:58,WAFER_00119,LOT_005,RCP_02,TOOL_B,64.91770408088585,100.74335307202249,501.4094593033397,1.9528572384740028,7.3435358893641345,0
2026-08-03 09:01:59,WAFER_00120,LOT_005,RCP_02,TOOL_C,64.3804416622805,100.84363367709071,504.330839245679,2.4726721635460085,8.28700026788259,0
2026-08-03 09:02:00,WAFER_00121,LOT_005,RCP_02,TOOL_B,64.87347672792404,100.87607707355568,506.16645296076524,1.5126061405061568,7.86284695594479,0
2026-08-03 09:02:01,WAFER_00122,LOT_005,RCP_02,TOOL_A,65.64146213978087,101.07104440328646,500.1530548056192,2.074056623598115,8.213302996625195,0
2026-08-03 09:02:02,WAFER_00123,LOT_005,RCP_01,TOOL_B,65.11392228982105,101.42281508680631,506.799658833911,1.6017511376000955,8.114204799356344,0
2026-08-03 09:02:03,WAFER_00124,LOT_005,RCP_02,TOOL_A,64.3538905626344,101.28380652957122,498.9282411656459,1.6871321761866542,7.80893789360319,1
2026-08-03 09:02:04,WAFER_00125,LOT_005,RCP_01,TOOL_A,64.25319708240083,101.29780833245054,504.065440202743,1.9122784888123336,7.876191294955005,0
2026-08-03 09:02:05,WAFER_00126,LOT_006,RCP_02,TOOL_A,65.79909250819917,100.59464141147258,496.5139303112506,2.0466440331021447,7.936653129599358,0
2026-08-03 09:02:06,WAFER_00127,LOT_006,RCP_01,TOOL_A,64.95664687507754,101.57655873711786,501.55474187539403,1.5692846736636077,8.40120826970848,0
2026-08-03 09:02:07,WAFER_00128,LOT_006,RCP_01,TOOL_B,64.68924310126323,101.27987570780805,491.33573574883115,1.6974910244644539,7.77797773627676,0
2026-08-03 09:02:08,WAFER_00129,LOT_006,RCP_01,TOOL_A,64.86848395284945,101.74145922020558,495.85011325688345,1.8195064145002622,7.8056646204633235,0
2026-08-03 09:02:09,WAFER_00130,LOT_006,RCP_02,TOOL_A,64.29089227792768,100.83105926379761,501.72670415289883,1.7627267990608573,7.6952822790633695,0
2026-08-03 09:02:10,WAFER_00131,LOT_006,RCP_01,TOOL_B,65.68308567176558,100.69113560360663,495.1439762468581,1.9708064122470375,7.59984934055223,0
2026-08-03 09:02:11,WAFER_00132,LOT_006,RCP_03,TOOL_B,65.26133458995871,101.28707011898042,501.57971355992,2.4871855231969042,8.082890978378884,0
2026-08-03 09:02:12,WAFER_00133,LOT_006,RCP_02,TOOL_B,65.65635273331445,101.59246202154802,503.3538950470057,1.883864141705176,8.054783899389767,0
2026-08-03 09:02:13,WAFER_00134,LOT_006,RCP_01,TOOL_C,65.02479282293471,101.3611580119141,498.14511528694237,1.9729607123675368,8.696345700265544,0
2026-08-03 09:02:14,WAFER_00135,LOT_006,RCP_02,TOOL_B,65.68617534779285,101.02412547631431,496.41487406400546,1.540698333872201,8.281180432086272,0
2026-08-03 09:02:15,WAFER_00136,LOT_006,RCP_01,TOOL_A,65.12321335954069,100.96926813329017,498.24550952133745,1.7349492172828789,8.647221512923588,0
2026-08-03 09:02:16,WAFER_00137,LOT_006,RCP_03,TOOL_B,65.85955167817716,101.96795125733871,496.4264944190185,1.611950022794242,7.980054352763904,0
2026-08-03 09:02:17,WAFER_00138,LOT_006,RCP_02,TOOL_B,65.3451646621224,100.70875101394378,499.6255098353411,1.8935099583950847,7.929657017775024,0
2026-08-03 09:02:18,WAFER_00139,LOT_006,RCP_03,TOOL_A,65.74917971180095,101.02435018210127,500.3777353120859,1.8904043271568454,7.648938886813993,0
2026-08-03 09:02:19,WAFER_00140,LOT_006,RCP_01,TOOL_A,65.16700854904771,101.51661299451193,498.8677625445418,1.7073663590950088,8.188076105218608,0
2026-08-03 09:02:20,WAFER_00141,LOT_006,RCP_02,TOOL_A,64.88823165626452,100.39471213784302,506.1951291886912,2.1969910027567567,8.032004245190512,0
2026-08-03 09:02:21,WAFER_00142,LOT_006,RCP_02,TOOL_B,65.91940865195497,101.5843444528449,497.3382058671582,1.652910536152021,8.175841902352884,0
2026-08-03 09:02:22,WAFER_00143,LOT_006,RCP_03,TOOL_A,65.01467024715397,101.5371933834026,505.14830276324466,1.776113786420365,7.692436460805632,0
2026-08-03 09:02:23,WAFER_00144,LOT_006,RCP_02,TOOL_A,65.00206766832471,101.44170780728821,496.14741482564517,1.9278325331779635,8.094933131037209,0
2026-08-03 09:02:24,WAFER_00145,LOT_006,RCP_02,TOOL_C,65.00714522009964,101.31208446454086,500.2692770087837,2.2984109787539655,8.405403896847563,0
2026-08-03 09:02:25,WAFER_00146,LOT_006,RCP_01,TOOL_C,65.19317156160488,101.23877306336658,504.37749001162786,2.3755153043086397,8.387539460771295,0
2026-08-03 09:02:26,WAFER_00147,LOT_006,RCP_01,TOOL_A,64.79385312997064,100.89600349014094,504.1860214633373,1.8856992957986478,7.8155182047885585,0
2026-08-03 09:02:27,WAFER_00148,LOT_006,RCP_02,TOOL_C,65.151078226683,101.04677133233452,498.44504577850915,2.3301825401575993,8.671117655109418,1
2026-08-03 09:02:28,WAFER_00149,LOT_006,RCP_02,TOOL_A,64.91895555910257,100.729410201534,502.053757964264,1.6669783655944121,8.553583046324063,0
2026-08-03 09:02:29,WAFER_00150,LOT_006,RCP_01,TOOL_C,64.2406627916298,101.48473901782903,501.55836260955766,2.3036163920700763,8.050207112899644,0
2026-08-03 09:02:30,WAFER_00151,LOT_007,RCP_03,TOOL_C,65.4545850974033,101.60657633560828,498.00222503920685,2.3009458300312797,8.5445198744901,0
2026-08-03 09:02:31,WAFER_00152,LOT_007,RCP_03,TOOL_A,64.92172864014553,101.86118727985532,502.27901476744785,2.1025773349507073,7.222980459138094,0
2026-08-03 09:02:32,WAFER_00153,LOT_007,RCP_01,TOOL_B,64.16749483402452,101.44127170341008,506.8912210365938,1.4663128015542914,8.180524686360263,0
2026-08-03 09:02:33,WAFER_00154,LOT_007,RCP_02,TOOL_C,65.06569919393091,101.45133863550616,501.7452924607317,1.9385633768797865,7.845058253533725,0
2026-08-03 09:02:34,WAFER_00155,LOT_007,RCP_01,TOOL_C,65.23418400416939,101.18708499985254,502.09551860256147,2.2846281938734605,8.2082588160672,0
2026-08-03 09:02:35,WAFER_00156,LOT_007,RCP_02,TOOL_C,65.2528150602102,100.91825468755688,502.48697341934263,1.5897271040237209,7.995483341326352,0
2026-08-03 09:02:36,WAFER_00157,LOT_007,RCP_01,TOOL_B,65.27224193936945,101.47999531851038,494.594386552786,1.89840123475767,7.9417848963636635,0
2026-08-03 09:02:37,WAFER_00158,LOT_007,RCP_02,TOOL_A,64.07235726994851,100.95314030836757,501.7028312908633,2.0119608849862733,8.226474298559314,0
2026-08-03 09:02:38,WAFER_00159,LOT_007,RCP_02,TOOL_C,64.34671187460441,101.2022905997545,496.2379895730974,2.004724950489912,7.848525418793703,0
2026-08-03 09:02:39,WAFER_00160,LOT_007,RCP_03,TOOL_B,66.39729028967056,100.89674696805254,497.81741831941815,1.7139619999776177,7.902940483830777,0
2026-08-03 09:02:40,WAFER_00161,LOT_007,RCP_01,TOOL_B,64.49733979516303,100.964981480659,507.9991845903975,1.5851725305520192,7.861390432419665,0
2026-08-03 09:02:41,WAFER_00162,LOT_007,RCP_03,TOOL_A,65.74320369494562,101.54145553438694,499.0629320442624,1.6956905760537193,8.426883144645407,0
2026-08-03 09:02:42,WAFER_00163,LOT_007,RCP_01,TOOL_B,64.6702699416004,101.63694222865432,497.26135581411137,1.7014862996076485,8.116575472119576,0
2026-08-03 09:02:43,WAFER_00164,LOT_007,RCP_01,TOOL_A,65.03824291484842,100.92545065579266,504.2645555419351,1.6634317451068958,7.682151379416176,0
2026-08-03 09:02:44,WAFER_00165,LOT_007,RCP_02,TOOL_B,64.69603798290868,101.35483343799244,496.4935950894832,1.6524643644431007,7.8727505176617925,0
2026-08-03 09:02:45,WAFER_00166,LOT_007,RCP_01,TOOL_A,65.26953975421743,101.0975604442466,498.3445491664982,1.7457990430223214,8.420148144364093,0
2026-08-03 09:02:46,WAFER_00167,LOT_007,RCP_03,TOOL_B,65.51565157631202,101.30627196695612,504.6214930215488,1.7433791368687757,8.192878635528986,0
2026-08-03 09:02:47,WAFER_00168,LOT_007,RCP_03,TOOL_C,65.23482090865078,101.83843887800045,500.15823999163945,2.4948263799722112,8.102076965150536,0
2026-08-03 09:02:48,WAFER_00169,LOT_007,RCP_01,TOOL_B,64.49591738255326,101.60684514892871,494.22209093303184,1.721162971376598,7.927890954636566,0
2026-08-03 09:02:49,WAFER_00170,LOT_007,RCP_03,TOOL_B,65.5785316147964,101.60243135544843,502.01276157299367,1.8688300432383718,7.9365205299298,0
2026-08-03 09:02:50,WAFER_00171,LOT_007,RCP_01,TOOL_A,64.41789497645955,102.02534033621365,498.5330762364279,1.6846234067047399,7.8547448796679324,0
2026-08-03 09:02:51,WAFER_00172,LOT_007,RCP_02,TOOL_C,65.205190900218,100.83252585040107,505.6974505001619,2.0020808448317085,7.888242717793143,0
2026-08-03 09:02:52,WAFER_00173,LOT_007,RCP_01,TOOL_B,66.26071275633771,100.92536750950283,497.75710829375373,1.4591258924534756,7.817042136844709,0
2026-08-03 09:02:53,WAFER_00174,LOT_007,RCP_03,TOOL_A,66.09808162460577,101.02559353731313,503.88953610278594,1.4857267504377814,8.375083812583652,0
2026-08-03 09:02:54,WAFER_00175,LOT_007,RCP_01,TOOL_A,65.3448069857092,101.20328959970549,506.57008271975315,1.5586003440694,7.897090988493483,0
2026-08-03 09:02:55,WAFER_00176,LOT_008,RCP_01,TOOL_A,64.95890849708425,100.40527076656907,496.85151007189717,1.8367393669520142,7.972121519775552,0
2026-08-03 09:02:56,WAFER_00177,LOT_008,RCP_02,TOOL_B,64.0693987390383,101.0211772700552,499.2851118231947,2.015234731056917,8.037941924650465,0
2026-08-03 09:02:57,WAFER_00178,LOT_008,RCP_03,TOOL_C,64.81530252996791,101.09306312187994,501.43791351433447,1.7626670946208964,8.948898176572273,0
2026-08-03 09:02:58,WAFER_00179,LOT_008,RCP_03,TOOL_B,66.06574057092931,101.59782871161116,496.82782071554954,1.6901846397302367,8.00239618828258,0
2026-08-03 09:02:59,WAFER_00180,LOT_008,RCP_02,TOOL_A,64.6209170815401,101.2339193640238,501.000091302819,1.5266218581299302,8.295365245467549,0
2026-08-03 09:03:00,WAFER_00181,LOT_008,RCP_03,TOOL_C,65.11435899288126,101.07173528144764,499.16779493622784,2.06714458117329,8.188491353546176,0
2026-08-03 09:03:01,WAFER_00182,LOT_008,RCP_03,TOOL_A,65.37048777167168,101.5241851212379,499.09324998510453,2.0151538987414304,7.9299621996643275,0
2026-08-03 09:03:02,WAFER_00183,LOT_008,RCP_02,TOOL_C,64.49021779575365,101.37483996273302,500.18107205302,2.030623519678405,8.353389235239776,0
2026-08-03 09:03:03,WAFER_00184,LOT_008,RCP_01,TOOL_A,64.41115100741521,101.00795259987926,500.2636794476407,1.7904966055600606,7.790984105700666,0
2026-08-03 09:03:04,WAFER_00185,LOT_008,RCP_03,TOOL_B,65.42577244506492,101.11265078295467,500.6063588455813,2.091045679278463,7.944996199237202,0
2026-08-03 09:03:05,WAFER_00186,LOT_008,RCP_02,TOOL_C,64.57206586175742,100.25436198890276,497.7843425218099,2.211580186101582,8.589773752669583,1
2026-08-03 09:03:06,WAFER_00187,LOT_008,RCP_01,TOOL_A,64.64431108170614,100.88554920973966,497.94586461990593,1.6479816288366396,7.7839015685051915,0
2026-08-03 09:03:07,WAFER_00188,LOT_008,RCP_01,TOOL_B,64.62502830744944,101.01786156703903,499.5612259213481,1.8317830571671452,8.000024038360182,0
2026-08-03 09:03:08,WAFER_00189,LOT_008,RCP_02,TOOL_C,65.25073290264055,101.12818314711028,499.83439672742753,1.954490197719542,8.541358058947102,0
2026-08-03 09:03:09,WAFER_00190,LOT_008,RCP_01,TOOL_A,64.88857966856223,100.94075458184327,498.3762574421975,1.8840964025472,7.777394166820559,0
2026-08-03 09:03:10,WAFER_00191,LOT_008,RCP_03,TOOL_A,65.36428545541095,101.10488824492134,501.19857667571824,1.903068030814552,8.295761724006038,0
2026-08-03 09:03:11,WAFER_00192,LOT_008,RCP_01,TOOL_B,65.28653403070827,100.83437434099861,493.28538152990177,1.5265680599003095,8.019678539522058,0
2026-08-03 09:03:12,WAFER_00193,LOT_008,RCP_01,TOOL_A,64.93182098804819,101.36502328144188,497.29727484203687,1.8350298834771548,7.955416907898392,0
2026-08-03 09:03:13,WAFER_00194,LOT_008,RCP_03,TOOL_A,65.31643819114056,101.46177154594226,498.96426704304946,1.776485348400816,7.457800092433942,0
2026-08-03 09:03:14,WAFER_00195,LOT_008,RCP_01,TOOL_B,65.22581617067368,101.45289883239953,496.83237380798676,1.9089354794344224,7.899124640656362,0
2026-08-03 09:03:15,WAFER_00196,LOT_008,RCP_01,TOOL_B,65.32073496490766,101.30469723012399,506.0280326547929,1.9662694102038267,8.100329952359232,0
2026-08-03 09:03:16,WAFER_00197,LOT_008,RCP_02,TOOL_A,64.92940472023587,100.51439226132946,500.0697888328823,1.895489920824921,8.471243155076666,0
2026-08-03 09:03:17,WAFER_00198,LOT_008,RCP_03,TOOL_A,65.48869173229785,101.06441760772071,500.65404780943584,1.7393613293240495,8.153330071610135,0
2026-08-03 09:03:18,WAFER_00199,LOT_008,RCP_01,TOOL_C,64.624740689728,101.14522346451898,498.2120463805278,2.3066660041728,8.654078382580154,0
2026-08-03 09:03:19,WAFER_00200,LOT_008,RCP_01,TOOL_B,64.58687213928103,101.14674778109016,499.94161799462006,1.6253874447379497,7.673541765122076,0
2026-08-03 09:03:20,WAFER_00201,LOT_009,RCP_03,TOOL_C,65.81919080094407,101.32849286283613,495.50356218207986,1.8558956013261,8.315757926173703,0
2026-08-03 09:03:21,WAFER_00202,LOT_009,RCP_03,TOOL_A,65.66357219002143,101.84170572150099,499.3716769664482,1.1609426630878399,8.329601539428793,1
2026-08-03 09:03:22,WAFER_00203,LOT_009,RCP_02,TOOL_C,65.21854325043995,101.40859656082014,496.5330688141957,2.105971809652569,8.110311941392021,0
2026-08-03 09:03:23,WAFER_00204,LOT_009,RCP_01,TOOL_B,65.13481008738825,100.92474324365749,498.9736067364022,1.635690712101313,8.260610109822737,0
2026-08-03 09:03:24,WAFER_00205,LOT_009,RCP_01,TOOL_A,65.02217757239117,101.55779309261271,490.52830870468074,1.8795508952150701,8.19799582344209,0
2026-08-03 09:03:25,WAFER_00206,LOT_009,RCP_01,TOOL_C,65.33427770759494,101.54331489971298,495.82638812875894,1.7257545211911265,8.424175385081451,0
2026-08-03 09:03:26,WAFER_00207,LOT_009,RCP_01,TOOL_B,65.44885220529093,100.9936943602784,505.41652769670304,1.6705642898201,7.911250291213287,0
2026-08-03 09:03:27,WAFER_00208,LOT_009,RCP_02,TOOL_A,65.43738944249151,101.42256905060147,503.0724716716979,1.8940539811728971,7.733700308265442,0
2026-08-03 09:03:28,WAFER_00209,LOT_009,RCP_01,TOOL_A,64.95162660034593,101.23905687834079,504.8804455428864,1.594032770730204,8.479352409407895,0
2026-08-03 09:03:29,WAFER_00210,LOT_009,RCP_02,TOOL_B,65.66575651035625,100.5642176737945,505.1345686977824,1.8818513497225724,8.170602879785488,0
2026-08-03 09:03:30,WAFER_00211,LOT_009,RCP_02,TOOL_A,65.10966112723152,101.2729770353621,502.49005346940856,1.688595480986392,8.091966353662372,0
2026-08-03 09:03:31,WAFER_00212,LOT_009,RCP_02,TOOL_A,65.30354057243159,101.18244549297351,498.3243858640972,1.7934383380440004,7.888530567985392,0
2026-08-03 09:03:32,WAFER_00213,LOT_009,RCP_01,TOOL_A,65.13540218760075,101.21348250090938,496.1621714988172,1.9190316012833712,8.010225339989294,0
2026-08-03 09:03:33,WAFER_00214,LOT_009,RCP_03,TOOL_A,65.5685632195924,101.28576782770634,504.2429550401639,1.9905594046230626,8.044473662891908,0
2026-08-03 09:03:34,WAFER_00215,LOT_009,RCP_02,TOOL_A,64.64683904467985,100.82674751802237,500.23890150523334,1.8184984822641215,8.107966434878065,0
2026-08-03 09:03:35,WAFER_00216,LOT_009,RCP_02,TOOL_B,65.33664840240552,101.33184959144289,509.22788442061307,1.637197941024251,8.198271877887422,0
2026-08-03 09:03:36,WAFER_00217,LOT_009,RCP_01,TOOL_A,66.36574130955567,101.2834887588866,498.64913748876023,1.70839222752407,7.788732688019126,0
2026-08-03 09:03:37,WAFER_00218,LOT_009,RCP_01,TOOL_A,64.82009836410076,101.36325056070032,507.2997146626878,1.9273910726173917,7.604018819318509,0
2026-08-03 09:03:38,WAFER_00219,LOT_009,RCP_03,TOOL_B,65.48407746340398,101.43571393128296,499.4198703744257,1.5957492833034788,8.022755829843844,0
2026-08-03 09:03:39,WAFER_00220,LOT_009,RCP_01,TOOL_A,64.78582147311332,100.861257466518,504.9433798098572,1.7643866806719588,7.528251318922314,0
2026-08-03 09:03:40,WAFER_00221,LOT_009,RCP_01,TOOL_B,64.76575044725027,100.96017245168481,506.2777594277601,1.722823180327705,7.912611531351717,0
2026-08-03 09:03:41,WAFER_00222,LOT_009,RCP_02,TOOL_A,65.74133574949697,100.26022110534583,496.2150852657314,1.779327643336207,7.862518745869824,0
2026-08-03 09:03:42,WAFER_00223,LOT_009,RCP_02,TOOL_A,64.67697391149082,101.31460205822636,498.20550711032377,1.5981434941501247,8.13277201189445,0
2026-08-03 09:03:43,WAFER_00224,LOT_009,RCP_03,TOOL_A,65.22244137278415,100.83936019097622,496.1779768649154,1.4296111295575777,8.535301199581303,0
2026-08-03 09:03:44,WAFER_00225,LOT_009,RCP_01,TOOL_B,64.23800344460898,101.35037648976035,495.4492053934446,1.9041485231919286,7.474960531546039,0
2026-08-03 09:03:45,WAFER_00226,LOT_010,RCP_03,TOOL_A,65.08634637221972,101.44097552547703,502.4681473469423,1.9928262846977298,8.614029958185968,0
2026-08-03 09:03:46,WAFER_00227,LOT_010,RCP_01,TOOL_C,64.17996805138239,101.52889407877916,499.2724750300786,1.7615650085003687,8.287069707037864,0
2026-08-03 09:03:47,WAFER_00228,LOT_010,RCP_02,TOOL_A,65.30326625562172,100.64247357274229,500.1937553958035,1.8737852321852433,8.093908344186596,0
2026-08-03 09:03:48,WAFER_00229,LOT_010,RCP_02,TOOL_B,66.3438546664819,101.07523858510653,502.0580847994011,2.0166365829690354,7.617995317441596,1
2026-08-03 09:03:49,WAFER_00230,LOT_010,RCP_01,TOOL_B,64.82399417904774,101.93470655989934,493.1276687152548,1.9191822093524646,8.269155323961106,0
2026-08-03 09:03:50,WAFER_00231,LOT_010,RCP_01,TOOL_A,64.19995619216469,101.95143957839404,504.7610342146411,1.7166659642647868,8.011197584814965,0
2026-08-03 09:03:51,WAFER_00232,LOT_010,RCP_02,TOOL_B,65.43199983892627,101.47518277573023,498.7083515956423,1.6113007260498484,7.983403798979163,0
2026-08-03 09:03:52,WAFER_00233,LOT_010,RCP_03,TOOL_A,65.10107601971353,101.42824739275116,501.9698848330801,1.816195615869998,7.476906018976202,0
2026-08-03 09:03:53,WAFER_00234,LOT_010,RCP_02,TOOL_A,65.6236865266657,100.71805957223874,502.2966375051456,1.8495570117693763,8.019925139738806,0
2026-08-03 09:03:54,WAFER_00235,LOT_010,RCP_03,TOOL_A,65.31462605706083,101.57307621764859,505.0719472748262,1.8191615022311798,8.228373647430475,0
2026-08-03 09:03:55,WAFER_00236,LOT_010,RCP_03,TOOL_B,65.14672846924027,101.2399519330762,499.6120276652028,1.763973073976487,7.936204768419539,0
2026-08-03 09:03:56,WAFER_00237,LOT_010,RCP_02,TOOL_C,64.91458037324207,101.31300074460367,492.14254140154117,1.9034696551754486,8.667033823323921,0
2026-08-03 09:03:57,WAFER_00238,LOT_010,RCP_03,TOOL_A,65.81373284524938,101.0595194871562,500.2113721697782,1.8845376582617703,8.305881696410667,1
2026-08-03 09:03:58,WAFER_00239,LOT_010,RCP_01,TOOL_B,64.89083809723728,101.23428541712083,500.74261537519794,1.8941708988827048,7.826904246659971,0
2026-08-03 09:03:59,WAFER_00240,LOT_010,RCP_01,TOOL_B,64.76157214265902,101.36237599682904,496.17323482118155,1.8401644250923344,8.430680741875296,0
2026-08-03 09:04:00,WAFER_00241,LOT_010,RCP_03,TOOL_A,65.35456083057015,101.39358567476766,500.5457154214019,1.8221987290142516,8.012229640367773,0
2026-08-03 09:04:01,WAFER_00242,LOT_010,RCP_03,TOOL_B,64.83950951143957,101.48761463149489,498.66423179151275,2.135849897549221,8.013431217712714,0
2026-08-03 09:04:02,WAFER_00243,LOT_010,RCP_01,TOOL_B,65.19057516910111,101.07990590588054,495.03181038765473,1.6751242430853208,8.026724930102738,0
2026-08-03 09:04:03,WAFER_00244,LOT_010,RCP_02,TOOL_C,64.14237123495444,100.58955190819812,502.48449411153433,2.3762870194913313,8.368715252754104,0
2026-08-03 09:04:04,WAFER_00245,LOT_010,RCP_02,TOOL_C,64.78682170190456,101.71741831516192,497.91421694167815,1.9731951061556325,7.639863993702202,0
2026-08-03 09:04:05,WAFER_00246,LOT_010,RCP_03,TOOL_A,65.81450490023876,102.24591658422888,498.49639690547286,2.0217901145912855,7.949913272488775,0
2026-08-03 09:04:06,WAFER_00247,LOT_010,RCP_02,TOOL_A,65.1454631758077,101.2700198702569,498.2884582650378,2.0466735100161086,7.631734452651138,0
2026-08-03 09:04:07,WAFER_00248,LOT_010,RCP_02,TOOL_B,65.28335387503347,100.59688300400255,504.57127081061736,1.7413897593196235,8.439110639598233,0
2026-08-03 09:04:08,WAFER_00249,LOT_010,RCP_01,TOOL_A,64.96877807709497,101.00618585559971,499.8486102014385,2.132192610812167,8.428242407764724,0
2026-08-03 09:04:09,WAFER_00250,LOT_010,RCP_02,TOOL_A,65.56147816687304,101.29346467623937,500.2926693360195,1.8938071773492178,8.230023349763009,0
2026-08-03 09:04:10,WAFER_00251,LOT_011,RCP_02,TOOL_C,65.4438556144495,101.60962393243888,498.3696462287703,1.9445455117718866,8.2856137919185,0
2026-08-03 09:04:11,WAFER_00252,LOT_011,RCP_03,TOOL_A,65.66414768203889,100.83910155887409,501.71260724234315,1.7251686811221583,7.727835967117001,0
2026-08-03 09:04:12,WAFER_00253,LOT_011,RCP_02,TOOL_B,65.4452219731105,101.05275352807742,504.99247677926746,2.02655246122133,7.822453129655587,0
2026-08-03 09:04:13,WAFER_00254,LOT_011,RCP_01,TOOL_C,65.36020330611372,101.37445418448871,502.39708502470006,2.3046129403753297,8.874513314735028,0
2026-08-03 09:04:14,WAFER_00255,LOT_011,RCP_01,TOOL_A,64.78905751359349,101.62853981148864,502.54140775693895,1.5883919197241418,7.813106705639611,0
2026-08-03 09:04:15,WAFER_00256,LOT_011,RCP_02,TOOL_B,64.35492852238816,100.96943158412785,502.24305176177205,1.7721485375619006,7.363989254315763,0
2026-08-03 09:04:16,WAFER_00257,LOT_011,RCP_03,TOOL_C,65.65177382040446,100.70575041729766,494.8931022197487,2.1607045965553024,8.628144687291057,1
2026-08-03 09:04:17,WAFER_00258,LOT_011,RCP_01,TOOL_B,65.26212283079909,101.5360550725921,496.7583603227132,1.6984790821848783,8.40513584067683,0
2026-08-03 09:04:18,WAFER_00259,LOT_011,RCP_01,TOOL_A,65.52342655574651,101.72742246676506,499.24154664368325,2.271559944674944,8.447988235534961,0
2026-08-03 09:04:19,WAFER_00260,LOT_011,RCP_02,TOOL_A,64.55056578797826,101.06861524453683,497.31430304277507,1.8467327486810652,8.280353961147318,0
2026-08-03 09:04:20,WAFER_00261,LOT_011,RCP_01,TOOL_C,64.56491309154696,101.45399123469645,496.06121300840283,2.10763756181939,8.674410312853391,0
2026-08-03 09:04:21,WAFER_00262,LOT_011,RCP_03,TOOL_A,65.67075212782773,101.1196933328177,493.07294975877886,2.038170208851618,8.014292199994456,0
2026-08-03 09:04:22,WAFER_00263,LOT_011,RCP_01,TOOL_B,64.96583984535052,100.97860633800416,495.01784191140365,1.726957293032233,7.439400181657251,0
2026-08-03 09:04:23,WAFER_00264,LOT_011,RCP_01,TOOL_A,64.09483442692586,101.69004175860795,499.05085543783235,2.0014855221234646,8.007527881205004,0
2026-08-03 09:04:24,WAFER_00265,LOT_011,RCP_03,TOOL_A,65.63005191860202,101.4472484221695,499.74312244277013,1.466453520883403,8.167824648553243,0
2026-08-03 09:04:25,WAFER_00266,LOT_011,RCP_01,TOOL_C,64.1108370008053,101.48634006777272,497.0657010283169,2.029269190750887,8.313477084727113,0
2026-08-03 09:04:26,WAFER_00267,LOT_011,RCP_01,TOOL_B,64.54627685510079,101.87080375623795,500.29202328692793,2.0098140836754492,7.951174247940304,0
2026-08-03 09:04:27,WAFER_00268,LOT_011,RCP_01,TOOL_C,65.64880705897285,100.89915991295894,498.394815528639,2.434039544117934,8.089688129465053,1
2026-08-03 09:04:28,WAFER_00269,LOT_011,RCP_01,TOOL_A,65.87594192854742,101.09023001809942,504.03512227328326,1.6453408573988013,7.729530539316553,1
2026-08-03 09:04:29,WAFER_00270,LOT_011,RCP_01,TOOL_B,64.41648494313345,101.36001467255718,499.4019846731081,1.6220356727562704,8.49630009898684,0
2026-08-03 09:04:30,WAFER_00271,LOT_011,RCP_01,TOOL_C,64.84189206204191,101.08556096965073,502.57642426118633,2.2334892860740916,8.856073519867637,0
2026-08-03 09:04:31,WAFER_00272,LOT_011,RCP_01,TOOL_A,65.02045881107777,101.59759188340352,500.7518909204904,1.6753932210164575,7.999285274563552,0
2026-08-03 09:04:32,WAFER_00273,LOT_011,RCP_01,TOOL_A,65.85498892523916,101.22878829605648,494.812337154797,1.7462844164489213,8.07601137337509,0
2026-08-03 09:04:33,WAFER_00274,LOT_011,RCP_02,TOOL_C,64.7634229050443,100.72283753315106,499.66456474977247,2.2952810049474315,8.085168324600005,0
2026-08-03 09:04:34,WAFER_00275,LOT_011,RCP_02,TOOL_A,64.77109566894403,101.1249932365713,495.4281908324839,1.6911795636771976,8.173495209483653,0
2026-08-03 09:04:35,WAFER_00276,LOT_012,RCP_01,TOOL_B,65.74338826806218,101.36472873290657,499.5999528985974,1.406914849692863,8.475105276335833,0
2026-08-03 09:04:36,WAFER_00277,LOT_012,RCP_01,TOOL_C,64.82010120669524,101.6551791839006,497.24301597624645,1.8597831128788238,7.937107689414932,0
2026-08-03 09:04:37,WAFER_00278,LOT_012,RCP_02,TOOL_A,65.3466568203039,101.24939354319602,501.4132632238938,1.8019911171440561,8.125248490919647,0
2026-08-03 09:04:38,WAFER_00279,LOT_012,RCP_03,TOOL_A,64.74097137674603,101.47523562871673,495.033288951375,1.427315370305423,8.145536005514161,0
2026-08-03 09:04:39,WAFER_00280,LOT_012,RCP_03,TOOL_A,65.36780828283568,101.42171083992274,500.0543967535339,1.7405679165405359,8.1424537590201,0
2026-08-03 09:04:40,WAFER_00281,LOT_012,RCP_01,TOOL_A,64.20339351760333,101.22847544190907,502.11793765548384,1.5215806967512016,8.443560770319086,0
2026-08-03 09:04:41,WAFER_00282,LOT_012,RCP_01,TOOL_A,64.49339178514126,101.02783673625771,503.3581036064433,2.12798780137312,8.54972491728621,0
2026-08-03 09:04:42,WAFER_00283,LOT_012,RCP_01,TOOL_B,65.40281665047308,101.40975857363055,497.17257929582837,2.2330285189531347,7.936959406974381,0
2026-08-03 09:04:43,WAFER_00284,LOT_012,RCP_01,TOOL_A,64.97604541227838,101.17341258896421,500.06567859716654,1.5883605795315863,8.181756891482216,0
2026-08-03 09:04:44,WAFER_00285,LOT_012,RCP_02,TOOL_B,64.84682924453458,101.74213259576759,500.68134379977283,1.8513517360075837,8.022743100546036,0
2026-08-03 09:04:45,WAFER_00286,LOT_012,RCP_02,TOOL_A,64.64060018048916,101.61002927201382,505.72436723430826,1.6079192536006297,7.8293288709062825,0
2026-08-03 09:04:46,WAFER_00287,LOT_012,RCP_01,TOOL_A,64.89408508484418,101.54047887029361,494.5190787752245,1.738136879589098,8.073119822357874,0
2026-08-03 09:04:47,WAFER_00288,LOT_012,RCP_01,TOOL_A,65.14453432020834,101.44381743693133,496.6289205832371,2.160693865591161,8.181304872695067,0
2026-08-03 09:04:48,WAFER_00289,LOT_012,RCP_02,TOOL_B,65.47179977910164,101.06657556062714,510.3765112231235,1.706662290454703,8.058570745062585,0
2026-08-03 09:04:49,WAFER_00290,LOT_012,RCP_01,TOOL_B,63.73992959163353,100.82077298208809,498.9895400493629,1.7427925075525774,7.762081073438749,0
2026-08-03 09:04:50,WAFER_00291,LOT_012,RCP_03,TOOL_A,65.05075463635386,101.21785455513765,493.0033229033579,1.6114941465544605,7.874838627238967,0
2026-08-03 09:04:51,WAFER_00292,LOT_012,RCP_01,TOOL_C,65.07636619625072,101.33853201269399,497.8445644696118,2.3492378755329724,8.226904996552843,0
2026-08-03 09:04:52,WAFER_00293,LOT_012,RCP_03,TOOL_B,65.40254570433811,101.38719346028897,489.7551690805819,1.1473466594951947,7.77254013216871,0
2026-08-03 09:04:53,WAFER_00294,LOT_012,RCP_01,TOOL_A,65.19362059641283,101.47842381946602,500.89140663608777,1.711440535693676,8.08465568703353,0
2026-08-03 09:04:54,WAFER_00295,LOT_012,RCP_03,TOOL_C,65.57841933734075,101.65010547519351,502.9962036130294,2.1108227811729083,8.46289026599913,1
2026-08-03 09:04:55,WAFER_00296,LOT_012,RCP_03,TOOL_A,65.30366342576316,101.0369814527567,496.6268492081756,1.6677845340298172,8.264469752239544,0
2026-08-03 09:04:56,WAFER_00297,LOT_012,RCP_03,TOOL_A,65.19711046592616,101.04043126926058,498.25832148766943,1.9727091015462335,7.7684419659966295,0
2026-08-03 09:04:57,WAFER_00298,LOT_012,RCP_03,TOOL_B,65.33215928492696,101.8513255383024,503.417520374865,2.040405456794095,7.844080754718226,0
2026-08-03 09:04:58,WAFER_00299,LOT_012,RCP_03,TOOL_A,66.00139632791492,101.59297300389339,493.5242027800695,1.517592097424097,8.419733752021434,0
2026-08-03 09:04:59,WAFER_00300,LOT_012,RCP_02,TOOL_A,64.64863619220526,100.95150704198933,495.11018651486165,2.218697330754161,7.955586116700312,0
2026-08-03 09:05:00,WAFER_00301,LOT_013,RCP_03,TOOL_B,65.4198527728909,101.25925975579814,499.15597382765213,1.5153482351292968,8.008135377897942,0
2026-08-03 09:05:01,WAFER_00302,LOT_013,RCP_01,TOOL_A,65.08800426271924,101.26096870026353,497.2163611013728,2.057726136335168,7.9527219952231745,0
2026-08-03 09:05:02,WAFER_00303,LOT_013,RCP_02,TOOL_C,65.74896844633975,101.11199816646692,498.9126924793477,2.149965539707139,8.655918321054843,1
2026-08-03 09:05:03,WAFER_00304,LOT_013,RCP_02,TOOL_C,64.85585203604657,101.27961957505067,495.32412381819586,2.019259780577237,8.666388343793058,0
2026-08-03 09:05:04,WAFER_00305,LOT_013,RCP_03,TOOL_B,65.91022719488527,102.26329724351794,500.79295989790955,1.7181266140648328,8.300566187158989,0
2026-08-03 09:05:05,WAFER_00306,LOT_013,RCP_02,TOOL_B,65.59135011356722,101.1721074932418,499.447837584834,1.7932974418679373,8.007173255066538,0
2026-08-03 09:05:06,WAFER_00307,LOT_013,RCP_01,TOOL_B,64.96939795280448,101.5517872971616,502.0320048286622,1.8416835723727565,7.764442286077969,0
2026-08-03 09:05:07,WAFER_00308,LOT_013,RCP_02,TOOL_C,64.89885489004315,100.45913885164774,500.7414781517771,1.935969129725695,8.869807530994999,0
2026-08-03 09:05:08,WAFER_00309,LOT_013,RCP_01,TOOL_A,64.84205423741686,101.11573800274404,500.76475326823527,1.753212008464322,8.23120342377799,0
2026-08-03 09:05:09,WAFER_00310,LOT_013,RCP_01,TOOL_A,64.87720489556357,101.7669497010323,494.6486627882386,1.645865435414481,7.876702075024054,0
2026-08-03 09:05:10,WAFER_00311,LOT_013,RCP_02,TOOL_B,65.41003513307687,101.25287984871551,501.822588741086,1.5569900945852255,8.38443108867499,0
2026-08-03 09:05:11,WAFER_00312,LOT_013,RCP_02,TOOL_B,65.11088478908265,99.43213645775135,498.77579431332356,1.6365376595084207,7.855385592880045,0
2026-08-03 09:05:12,WAFER_00313,LOT_013,RCP_01,TOOL_A,65.11293906040154,101.55612881688015,499.3835862616964,1.5700050734609121,8.380889918860937,0
2026-08-03 09:05:13,WAFER_00314,LOT_013,RCP_01,TOOL_B,64.45989271501767,102.02890246995894,503.878578192646,1.7159690174498963,8.399136839133813,0
2026-08-03 09:05:14,WAFER_00315,LOT_013,RCP_01,TOOL_A,64.53560476285989,100.54155511727447,497.3380884408875,1.886494981093683,7.751199651646115,0
2026-08-03 09:05:15,WAFER_00316,LOT_013,RCP_01,TOOL_C,66.02885447589296,101.87736731674529,504.9993820152983,2.1441420708355925,8.507074741815659,0
2026-08-03 09:05:16,WAFER_00317,LOT_013,RCP_01,TOOL_A,64.91464365186143,100.24665686036215,505.3445586076804,2.1948689553321303,8.21119149006956,0
2026-08-03 09:05:17,WAFER_00318,LOT_013,RCP_02,TOOL_A,64.6281094421224,101.45643959912029,502.7853024182482,1.3579093972560166,8.70602548388831,0
2026-08-03 09:05:18,WAFER_00319,LOT_013,RCP_01,TOOL_A,65.68692759948286,101.29671352211534,496.37170300016055,1.8938681932428378,7.799578698238858,0
2026-08-03 09:05:19,WAFER_00320,LOT_013,RCP_03,TOOL_A,65.58526810336811,100.40701093820704,491.9107149911803,1.8012840477048704,8.386786684788333,0
2026-08-03 09:05:20,WAFER_00321,LOT_013,RCP_03,TOOL_A,65.72751436009497,101.46953237435112,503.9916891827618,1.9631340684743934,8.004683424869059,0
2026-08-03 09:05:21,WAFER_00322,LOT_013,RCP_02,TOOL_A,64.93373740386487,101.53731910467778,500.412124726925,1.9432930408620819,7.664831670433246,0
2026-08-03 09:05:22,WAFER_00323,LOT_013,RCP_01,TOOL_A,64.84703691652314,101.4382770614522,497.2427693579606,1.7670016499729646,7.967603464144743,0
2026-08-03 09:05:23,WAFER_00324,LOT_013,RCP_02,TOOL_A,64.9185985412013,101.32223450208265,504.34218067189573,1.834530256971351,8.00066548549692,0
2026-08-03 09:05:24,WAFER_00325,LOT_013,RCP_03,TOOL_A,64.78628567825666,101.14356307731116,496.8122321407521,1.6511861574163031,7.714099647858872,0
2026-08-03 09:05:25,WAFER_00326,LOT_014,RCP_02,TOOL_A,64.95779484347845,100.392671893016,498.43062554454553,1.922735995870891,8.084286877089912,0
2026-08-03 09:05:26,WAFER_00327,LOT_014,RCP_03,TOOL_A,65.59209587698047,101.56290832848808,501.9420943479729,1.4242247895754598,8.258608498984618,0
2026-08-03 09:05:27,WAFER_00328,LOT_014,RCP_02,TOOL_A,65.888222352245,101.76490648938959,495.879669523025,1.9553652877298635,8.064314176596744,0
2026-08-03 09:05:28,WAFER_00329,LOT_014,RCP_02,TOOL_A,65.0412795512025,101.52924072460642,499.59492063445384,1.795365311152778,7.853702095867433,0
2026-08-03 09:05:29,WAFER_00330,LOT_014,RCP_01,TOOL_A,63.87959501973906,100.54460718475148,504.0298075804794,1.7025875924337823,7.9599125415301195,0
2026-08-03 09:05:30,WAFER_00331,LOT_014,RCP_02,TOOL_A,64.95488699226338,100.52434012525984,500.78110975139816,1.7534933601106548,7.998773293665768,0
2026-08-03 09:05:31,WAFER_00332,LOT_014,RCP_01,TOOL_B,66.31496198389199,100.97853225811701,504.6154774462476,1.7681607530823238,8.058676839419883,0
2026-08-03 09:05:32,WAFER_00333,LOT_014,RCP_02,TOOL_C,65.41585579279283,100.49466932851354,504.1943287246222,2.3794607520961,8.649654305804807,0
2026-08-03 09:05:33,WAFER_00334,LOT_014,RCP_03,TOOL_C,65.06077330697188,101.3167921694313,500.02863183735997,2.766698732649702,8.423423733414245,0
2026-08-03 09:05:34,WAFER_00335,LOT_014,RCP_01,TOOL_B,65.28373112692667,101.4494980059686,491.3540569074777,2.0439741648300767,7.621271910269978,0
2026-08-03 09:05:35,WAFER_00336,LOT_014,RCP_02,TOOL_B,64.64383355605293,100.55650375236789,495.90864250770335,1.6869348428220488,7.848173310563054,1
2026-08-03 09:05:36,WAFER_00337,LOT_014,RCP_01,TOOL_A,64.3501723906175,101.5953088145247,502.8243362158226,1.925956364857056,8.044825683742092,0
2026-08-03 09:05:37,WAFER_00338,LOT_014,RCP_02,TOOL_B,64.83278270564765,101.3284194987276,494.26406974494444,1.9346658332114968,8.30351361093761,0
2026-08-03 09:05:38,WAFER_00339,LOT_014,RCP_01,TOOL_B,65.04393269083465,101.09169953255939,498.7912374222283,1.614967855510556,8.35041853921487,0
2026-08-03 09:05:39,WAFER_00340,LOT_014,RCP_03,TOOL_C,64.55136535883197,101.23444164532609,501.25237827064944,1.8678401405558638,8.829165042228613,0
2026-08-03 09:05:40,WAFER_00341,LOT_014,RCP_01,TOOL_C,64.44840354054145,100.55907555325184,505.4374115743176,2.1073438142166423,8.385265887346412,0
2026-08-03 09:05:41,WAFER_00342,LOT_014,RCP_03,TOOL_A,65.45496107032753,101.17374038061091,497.87242712311865,1.961541520540287,8.206093477385673,0
2026-08-03 09:05:42,WAFER_00343,LOT_014,RCP_03,TOOL_B,65.2540768755253,101.30280629016953,497.61909547639243,1.4776383464797143,7.607295385711199,0
2026-08-03 09:05:43,WAFER_00344,LOT_014,RCP_02,TOOL_C,65.18950941015012,101.1641240861867,499.80595066396666,1.9758204264691188,8.4660680247536,1
2026-08-03 09:05:44,WAFER_00345,LOT_014,RCP_03,TOOL_A,64.86695920289189,101.44397322656766,501.2983779882974,1.9145303417980812,7.709678692605567,0
2026-08-03 09:05:45,WAFER_00346,LOT_014,RCP_03,TOOL_C,65.79277459930559,101.39281186242762,499.42928673863446,2.128344722654116,8.333114417146218,0
2026-08-03 09:05:46,WAFER_00347,LOT_014,RCP_03,TOOL_A,64.88179563341112,101.19954939503904,503.8822928908775,2.083254724119799,8.818056364995478,0
2026-08-03 09:05:47,WAFER_00348,LOT_014,RCP_01,TOOL_C,65.78851246493006,101.40875407817063,497.04316781779465,1.8377265091847315,8.431959643771416,1
2026-08-03 09:05:48,WAFER_00349,LOT_014,RCP_02,TOOL_B,64.17643602349841,101.48077215745789,500.4445954535025,2.270432986689891,7.766770430821311,0
2026-08-03 09:05:49,WAFER_00350,LOT_014,RCP_01,TOOL_A,64.47557395021596,101.26371073214233,501.647287027914,1.4924015112860842,8.110103031608634,0
2026-08-03 09:05:50,WAFER_00351,LOT_015,RCP_02,TOOL_B,65.20033798545528,101.22068605851604,498.5191386033483,1.394167256234348,7.860389699620875,0
2026-08-03 09:05:51,WAFER_00352,LOT_015,RCP_01,TOOL_A,65.79883196071887,101.22925499618763,503.10692676527185,1.7882174441005387,7.7405990894474614,0
2026-08-03 09:05:52,WAFER_00353,LOT_015,RCP_02,TOOL_B,65.15122065733576,100.85423161173776,500.5511466025967,1.5731082143507982,8.567847674015436,0
2026-08-03 09:05:53,WAFER_00354,LOT_015,RCP_02,TOOL_B,65.27017180168755,101.29869427342868,502.9187291386634,1.7922488671910242,8.288039247092023,0
2026-08-03 09:05:54,WAFER_00355,LOT_015,RCP_02,TOOL_B,65.00841771280307,100.88901414121531,500.7181851997807,1.7852546242090668,8.09329488874885,0
2026-08-03 09:05:55,WAFER_00356,LOT_015,RCP_02,TOOL_C,64.50732874202471,101.24673582237703,501.3926969145027,2.080845157578514,8.244207711633164,0
2026-08-03 09:05:56,WAFER_00357,LOT_015,RCP_03,TOOL_A,65.2147335928451,101.31073704117381,497.6601504996574,1.6315177935606442,7.916086839597506,0
2026-08-03 09:05:57,WAFER_00358,LOT_015,RCP_03,TOOL_A,64.86828333440899,101.18450482292235,497.66614469079246,1.8865312305159383,8.41647010404792,0
2026-08-03 09:05:58,WAFER_00359,LOT_015,RCP_02,TOOL_A,64.38621921546711,100.97530572378426,504.5302669757365,1.736532577046566,8.082775935169433,0
2026-08-03 09:05:59,WAFER_00360,LOT_015,RCP_02,TOOL_A,65.19283948127348,100.90691402288203,502.3513886447252,2.0207329741509525,7.167642611403821,1
2026-08-03 09:06:00,WAFER_00361,LOT_015,RCP_03,TOOL_A,64.91087456859778,100.67459555460617,496.21502888497713,1.7639255494943387,8.653653399227887,0
2026-08-03 09:06:01,WAFER_00362,LOT_015,RCP_01,TOOL_A,65.15338592322722,101.44550013616144,500.6691946712229,1.6070705154266822,8.049426836382517,0
2026-08-03 09:06:02,WAFER_00363,LOT_015,RCP_01,TOOL_A,64.37512507893388,101.38798779360576,491.2170286019189,1.462457889631323,8.0927096315484,0
2026-08-03 09:06:03,WAFER_00364,LOT_015,RCP_01,TOOL_A,65.14226384965605,101.62287469593042,497.87642139431216,1.7655781137103257,8.293407599627395,0
2026-08-03 09:06:04,WAFER_00365,LOT_015,RCP_02,TOOL_C,64.76543236689778,100.8980463771234,503.55580240349366,1.8661590857274757,8.475658763374128,0
2026-08-03 09:06:05,WAFER_00366,LOT_015,RCP_02,TOOL_A,65.6751754561523,101.82024577768112,499.53696132176873,1.5300076291990443,8.201665326783539,0
2026-08-03 09:06:06,WAFER_00367,LOT_015,RCP_03,TOOL_C,65.60538506987795,101.15570033981713,500.4362768777643,2.2254914618293973,8.23559466381147,0
2026-08-03 09:06:07,WAFER_00368,LOT_015,RCP_02,TOOL_A,65.59317578863718,100.76745833596601,488.8393893878752,1.4444659877673216,7.667955262529076,0
2026-08-03 09:06:08,WAFER_00369,LOT_015,RCP_01,TOOL_A,64.6372895761159,100.92239973045979,498.54866161289624,2.0824386756665825,8.075662850997762,0
2026-08-03 09:06:09,WAFER_00370,LOT_015,RCP_03,TOOL_B,65.4769488033172,100.64110948677272,501.2516072281607,1.8319432768791082,8.38653595611414,0
2026-08-03 09:06:10,WAFER_00371,LOT_015,RCP_03,TOOL_A,64.9790781641042,101.88239859910938,501.7215725389739,1.791231473795008,7.825093309236558,0
2026-08-03 09:06:11,WAFER_00372,LOT_015,RCP_01,TOOL_A,64.80146948348268,101.82100560849209,503.56071613193717,1.5930468118898828,7.80343352139866,0
2026-08-03 09:06:12,WAFER_00373,LOT_015,RCP_01,TOOL_B,64.87418997308258,101.52828316189621,499.2220463184383,1.9528744592685876,8.329675200302583,0
2026-08-03 09:06:13,WAFER_00374,LOT_015,RCP_01,TOOL_A,64.65158805407017,100.9594862530452,499.38707349329064,1.799419013280521,7.876543794611905,0
2026-08-03 09:06:14,WAFER_00375,LOT_015,RCP_01,TOOL_A,64.41655862775407,101.98828171899247,495.0711655111835,1.6627806714518396,7.889148823264711,0
2026-08-03 09:06:15,WAFER_00376,LOT_016,RCP_01,TOOL_B,64.32151168464672,101.16634671862177,499.2432703050592,1.839964939330318,7.8992510463045145,0
2026-08-03 09:06:16,WAFER_00377,LOT_016,RCP_03,TOOL_A,64.32692090446045,101.19777018413387,495.33217226912814,1.463442908912124,7.982455135132571,0
2026-08-03 09:06:17,WAFER_00378,LOT_016,RCP_02,TOOL_C,64.49295369751835,101.64615845056571,493.16288055672,1.7929345736901723,7.925117714106449,0
2026-08-03 09:06:18,WAFER_00379,LOT_016,RCP_01,TOOL_A,65.30119707040248,101.55038602210273,495.98483633059084,1.5759627829397844,7.854378169613761,0
2026-08-03 09:06:19,WAFER_00380,LOT_016,RCP_02,TOOL_C,64.23272070463362,101.93641919272675,505.5821341588747,2.1899054535219427,8.412199365167725,0
2026-08-03 09:06:20,WAFER_00381,LOT_016,RCP_02,TOOL_B,64.34330103379841,101.19451445892122,498.9989235544009,1.7993483356387738,8.060274242767203,1
2026-08-03 09:06:21,WAFER_00382,LOT_016,RCP_03,TOOL_C,66.3096313141918,101.14912829616009,500.81354624318647,2.3297958531111504,8.662658124196488,1
2026-08-03 09:06:22,WAFER_00383,LOT_016,RCP_03,TOOL_C,65.14448189607285,101.06751414428527,498.10006387056717,1.9360020295662848,8.846635899992597,0
2026-08-03 09:06:23,WAFER_00384,LOT_016,RCP_02,TOOL_A,65.15410208439913,100.39814145266756,493.374961228028,1.9149335680962685,8.408370530599388,0
2026-08-03 09:06:24,WAFER_00385,LOT_016,RCP_01,TOOL_B,65.30831223032024,101.19413360633364,503.4636185622399,1.7772258895209438,8.246956143699963,0
2026-08-03 09:06:25,WAFER_00386,LOT_016,RCP_03,TOOL_A,65.76801254229501,101.7349454687544,491.96286688253434,1.6113909610518142,7.959841660492854,0
2026-08-03 09:06:26,WAFER_00387,LOT_016,RCP_02,TOOL_C,64.26928916930814,101.3275569856093,497.94726709587087,2.1970615341425836,8.181771351111642,0
2026-08-03 09:06:27,WAFER_00388,LOT_016,RCP_03,TOOL_B,65.33909135364824,101.30771704249295,499.7979249408548,1.7867976283509535,8.004827176777269,0
2026-08-03 09:06:28,WAFER_00389,LOT_016,RCP_01,TOOL_A,64.22325091063117,100.92192491134979,500.8528116806905,1.6741761611709203,8.158106267838683,0
2026-08-03 09:06:29,WAFER_00390,LOT_016,RCP_03,TOOL_C,66.62423257227695,101.38621174684484,497.3120624632432,2.1283998174288183,8.57192320552633,0
2026-08-03 09:06:30,WAFER_00391,LOT_016,RCP_02,TOOL_A,64.23445987327251,101.48486920797424,493.1995425126966,1.7740939228125217,8.16823314804928,0
2026-08-03 09:06:31,WAFER_00392,LOT_016,RCP_01,TOOL_B,64.49703669494248,101.46367331745859,497.0359548183589,1.7692623862964996,7.967282622728466,0
2026-08-03 09:06:32,WAFER_00393,LOT_016,RCP_02,TOOL_B,64.50051158967608,101.16335936446067,497.22959544580726,1.7174813700178402,8.21245280475741,0
2026-08-03 09:06:33,WAFER_00394,LOT_016,RCP_02,TOOL_A,64.28160297117302,100.79715609175314,497.1395540679262,1.5390102922212725,8.340435576372546,0
2026-08-03 09:06:34,WAFER_00395,LOT_016,RCP_01,TOOL_B,65.64924507668314,101.62952908936256,503.5892167837681,1.8149530831789744,8.237643303698237,0
2026-08-03 09:06:35,WAFER_00396,LOT_016,RCP_02,TOOL_C,66.16277499252008,99.9098761688772,495.5096697208852,1.9594571252557171,8.341356475105883,0
2026-08-03 09:06:36,WAFER_00397,LOT_016,RCP_03,TOOL_A,65.22164042272995,101.44548136936875,501.1136233154212,1.5959342264711864,7.7748608530233785,0
2026-08-03 09:06:37,WAFER_00398,LOT_016,RCP_01,TOOL_B,64.36619688951468,102.27672235275894,500.58569903770626,1.7518600311794785,7.768456794065211,0
2026-08-03 09:06:38,WAFER_00399,LOT_016,RCP_02,TOOL_A,63.92627576061151,100.5268181128139,503.5536837866452,1.9468053088344357,7.816071241630111,0
2026-08-03 09:06:39,WAFER_00400,LOT_016,RCP_02,TOOL_B,64.8828278151094,101.00827960721348,499.5074120745734,1.8371227015381963,8.06941030364223,0
2026-08-03 09:06:40,WAFER_00401,LOT_017,RCP_01,TOOL_A,64.8481445968825,101.2969938237526,502.92718457863094,1.6937715583284823,8.14034701346002,0
2026-08-03 09:06:41,WAFER_00402,LOT_017,RCP_03,TOOL_C,65.13737785934714,101.1242185306585,499.3627854890518,2.0057307884264284,7.968076274155112,0
2026-08-03 09:06:42,WAFER_00403,LOT_017,RCP_03,TOOL_C,65.5562601219086,101.6938222121724,501.6072523483638,2.2471626524377535,8.213921320741841,0
2026-08-03 09:06:43,WAFER_00404,LOT_017,RCP_01,TOOL_A,65.18968310855143,101.479531385455,494.4391179771852,1.320652846110552,8.065687075632457,0
2026-08-03 09:06:44,WAFER_00405,LOT_017,RCP_03,TOOL_A,65.6050799638102,101.35787414156798,490.2383711177229,1.9594729978398961,7.7570864242736475,0
2026-08-03 09:06:45,WAFER_00406,LOT_017,RCP_03,TOOL_B,65.29826006145512,101.60296357324432,501.39692335819365,1.4251968450139323,8.117154121326093,0
2026-08-03 09:06:46,WAFER_00407,LOT_017,RCP_01,TOOL_B,64.47122152180435,101.30636526944726,501.5953775663452,1.5169184183354039,7.916994361452527,0
2026-08-03 09:06:47,WAFER_00408,LOT_017,RCP_03,TOOL_A,65.76959988694723,102.50834850575293,501.759358632662,1.697146833747355,7.804676526649301,0
2026-08-03 09:06:48,WAFER_00409,LOT_017,RCP_01,TOOL_A,65.00600660452234,101.35751183478956,498.05774969540767,2.2340248285861692,8.014365466761202,0
2026-08-03 09:06:49,WAFER_00410,LOT_017,RCP_03,TOOL_A,65.87641161192063,101.37420719742609,505.5119723331784,2.1354838720028533,8.105915688986357,0
2026-08-03 09:06:50,WAFER_00411,LOT_017,RCP_02,TOOL_C,65.37923626374668,100.45002214116215,498.298452081773,2.2612975511594273,8.120897193147119,0
2026-08-03 09:06:51,WAFER_00412,LOT_017,RCP_02,TOOL_B,64.31755420685738,100.8934888756247,501.5572523727878,1.87130847565909,7.934494657450207,0
2026-08-03 09:06:52,WAFER_00413,LOT_017,RCP_01,TOOL_C,64.31157334042035,101.73600351908392,502.2001540325151,1.747544606397505,8.47627316187292,0
2026-08-03 09:06:53,WAFER_00414,LOT_017,RCP_03,TOOL_B,65.08734045500455,100.79252639686325,506.3593385910717,1.8313516325761399,7.794235650504473,0
2026-08-03 09:06:54,WAFER_00415,LOT_017,RCP_01,TOOL_C,64.49299260402049,100.48012827376526,498.8269904067776,2.0101556962880056,7.902405653085546,0
2026-08-03 09:06:55,WAFER_00416,LOT_017,RCP_01,TOOL_A,65.36252085246853,101.31227987905127,497.58318624695215,1.6366661332754557,7.585125061663766,0
2026-08-03 09:06:56,WAFER_00417,LOT_017,RCP_01,TOOL_A,65.1686286444742,101.82088291284049,494.4568620776633,1.8309606179949318,7.887126266704618,0
2026-08-03 09:06:57,WAFER_00418,LOT_017,RCP_03,TOOL_C,65.97760831701696,101.31610486690452,505.74375792465116,2.02577799811066,7.994027065397613,0
2026-08-03 09:06:58,WAFER_00419,LOT_017,RCP_01,TOOL_C,65.19031367235723,101.17227265100199,501.5592203560796,2.29385990919377,8.256115088302414,0
2026-08-03 09:06:59,WAFER_00420,LOT_017,RCP_03,TOOL_A,65.55015179929921,100.59377458365843,501.6763260918089,1.4128090464774665,8.449534569816624,0
2026-08-03 09:07:00,WAFER_00421,LOT_017,RCP_02,TOOL_A,65.5758702945652,101.27185656662682,511.5318056928985,1.8150022844691964,7.627778435324056,0
2026-08-03 09:07:01,WAFER_00422,LOT_017,RCP_01,TOOL_B,65.22546912307283,101.55128454137555,501.2026655423893,1.6241805552971913,7.92369669010102,0
2026-08-03 09:07:02,WAFER_00423,LOT_017,RCP_01,TOOL_A,65.03268846245011,100.62294165034157,495.18141080112986,1.7180728342168614,8.575722229653273,0
2026-08-03 09:07:03,WAFER_00424,LOT_017,RCP_01,TOOL_A,65.71061745628673,101.73112233050495,499.275156772526,1.8609252838958483,8.110195122403441,0
2026-08-03 09:07:04,WAFER_00425,LOT_017,RCP_02,TOOL_C,65.05528682391333,101.390964299839,496.39330508726,1.8965384274779866,8.250714712381589,0
2026-08-03 09:07:05,WAFER_00426,LOT_018,RCP_03,TOOL_A,65.30391650963941,101.73028005816799,498.53528694004376,1.832846427862493,7.957641688679805,0
2026-08-03 09:07:06,WAFER_00427,LOT_018,RCP_01,TOOL_B,64.59784483578673,101.52173953489667,498.510418469808,1.757532358958147,8.115927877266184,0
2026-08-03 09:07:07,WAFER_00428,LOT_018,RCP_03,TOOL_A,65.7874522203418,101.5483994293483,497.8280097530519,1.6678826269646223,8.457858421269409,0
2026-08-03 09:07:08,WAFER_00429,LOT_018,RCP_01,TOOL_A,65.59378426008439,101.49787394150665,494.84485473018503,1.7058855027978161,7.856669525981144,0
2026-08-03 09:07:09,WAFER_00430,LOT_018,RCP_03,TOOL_B,65.42571804731196,101.63001948217045,505.8922560445875,1.7690896217626149,7.795445223620163,0
2026-08-03 09:07:10,WAFER_00431,LOT_018,RCP_03,TOOL_A,66.07779949941433,100.6088720477329,501.10573776442203,1.6464326974873575,7.627721642149338,0
2026-08-03 09:07:11,WAFER_00432,LOT_018,RCP_03,TOOL_B,64.50439278465365,100.72959741522382,499.1657534716091,1.8014188950651224,8.027835928777646,1
2026-08-03 09:07:12,WAFER_00433,LOT_018,RCP_02,TOOL_A,64.9733823800922,100.82031699792788,502.8032599692082,1.744364675666785,7.620464410149164,0
2026-08-03 09:07:13,WAFER_00434,LOT_018,RCP_03,TOOL_C,65.43075444218988,101.25066833476443,501.74294891694274,1.997743492586608,8.224778691298116,0
2026-08-03 09:07:14,WAFER_00435,LOT_018,RCP_01,TOOL_B,64.65104270124448,101.4474920308571,501.0200557111456,2.117968446780597,7.754655470900205,0
2026-08-03 09:07:15,WAFER_00436,LOT_018,RCP_01,TOOL_C,66.1442532982313,101.42337902822696,502.5344928692373,2.2030479845123243,8.640013347763208,0
2026-08-03 09:07:16,WAFER_00437,LOT_018,RCP_01,TOOL_A,64.9682275363094,101.72450020835329,500.49555855190704,1.723457553475409,7.862732975410962,0
2026-08-03 09:07:17,WAFER_00438,LOT_018,RCP_02,TOOL_A,64.80428922962987,101.53642821346052,502.4798193908689,1.8291720861649419,8.107171188561516,0
2026-08-03 09:07:18,WAFER_00439,LOT_018,RCP_02,TOOL_A,65.01246181444809,100.76849365884836,502.78651551324776,1.5946359726452983,7.566895159544088,0
2026-08-03 09:07:19,WAFER_00440,LOT_018,RCP_02,TOOL_B,64.0386494055076,101.19065892181918,500.6020593196214,1.7126456786442834,8.035506877702268,0
2026-08-03 09:07:20,WAFER_00441,LOT_018,RCP_03,TOOL_A,65.08526339583445,100.97782401186569,499.1845403740644,1.7359845099123505,7.675146717417598,0
2026-08-03 09:07:21,WAFER_00442,LOT_018,RCP_01,TOOL_A,65.4719551853338,101.22846612542564,505.6624718653795,1.5506412180180236,7.885074905018938,0
2026-08-03 09:07:22,WAFER_00443,LOT_018,RCP_02,TOOL_A,64.69810622963227,101.22228072023842,498.2317643028383,1.8774708095988837,8.59702469504918,0
2026-08-03 09:07:23,WAFER_00444,LOT_018,RCP_01,TOOL_A,64.60213992185587,100.00468941094076,501.4478603215812,1.698877459477435,8.251687081855039,0
2026-08-03 09:07:24,WAFER_00445,LOT_018,RCP_01,TOOL_A,65.62857230552692,102.21627273506307,501.53146111973456,1.7289066665105193,7.965328602635547,0
2026-08-03 09:07:25,WAFER_00446,LOT_018,RCP_02,TOOL_A,65.64332211245687,101.31523529741104,497.74463594662456,1.686256028175329,8.863714315641463,0
2026-08-03 09:07:26,WAFER_00447,LOT_018,RCP_03,TOOL_A,65.69815542663736,101.0736327553429,497.01105717434746,2.39181811812862,7.7529028335992045,1
2026-08-03 09:07:27,WAFER_00448,LOT_018,RCP_02,TOOL_B,64.78154367966144,101.83240050698748,498.6907475227816,1.6674769699651975,8.314608423160347,0
2026-08-03 09:07:28,WAFER_00449,LOT_018,RCP_01,TOOL_A,64.88505388874417,101.16797615521524,498.1787976432503,1.3862646092228346,7.586177896651279,0
2026-08-03 09:07:29,WAFER_00450,LOT_018,RCP_02,TOOL_A,64.61400801844403,101.15035736661466,494.6049169219362,1.480013605808233,7.9341408554350545,0
2026-08-03 09:07:30,WAFER_00451,LOT_019,RCP_01,TOOL_B,64.52250890286625,101.1148959920489,497.58946819467866,1.951860524539087,7.6360967674512485,0
2026-08-03 09:07:31,WAFER_00452,LOT_019,RCP_03,TOOL_B,64.94868008561195,101.92775689822847,500.98502504314786,2.067290538336626,8.069464497074536,0
2026-08-03 09:07:32,WAFER_00453,LOT_019,RCP_02,TOOL_A,64.7033338847431,101.06010581160376,504.68399126134983,1.6636405617254293,8.015111968466265,0
2026-08-03 09:07:33,WAFER_00454,LOT_019,RCP_01,TOOL_B,64.50333392447132,101.356803958281,502.05124794014245,2.055789933927093,7.916930504220433,0
2026-08-03 09:07:34,WAFER_00455,LOT_019,RCP_01,TOOL_C,64.24942154309929,101.75743721814966,490.38172235603014,2.268317999968509,8.644855396784102,0
2026-08-03 09:07:35,WAFER_00456,LOT_019,RCP_01,TOOL_B,65.10531328148187,101.52235299383521,502.3728237446021,1.7621039738027822,7.846883277289247,0
2026-08-03 09:07:36,WAFER_00457,LOT_019,RCP_03,TOOL_C,65.56260587882885,101.27934773524905,497.93483839218584,2.0679107432458927,8.438249971907977,0
2026-08-03 09:07:37,WAFER_00458,LOT_019,RCP_02,TOOL_B,65.8163805240456,101.52194856949583,501.67639627634475,1.8361740452831308,8.221549833873262,0
2026-08-03 09:07:38,WAFER_00459,LOT_019,RCP_03,TOOL_A,65.12919758318975,102.26462362718262,499.94769954092067,1.9754911644307283,7.59953027359803,0
2026-08-03 09:07:39,WAFER_00460,LOT_019,RCP_02,TOOL_A,65.14212828301918,101.22061597054378,499.28705578347876,1.8794589131190045,7.797928127747916,0
2026-08-03 09:07:40,WAFER_00461,LOT_019,RCP_02,TOOL_B,65.1501020380519,101.14436883339157,499.6217278065401,1.6646383396402609,8.014542461175274,0
2026-08-03 09:07:41,WAFER_00462,LOT_019,RCP_01,TOOL_C,64.87815797065974,101.36483829177524,499.91703005940184,2.085158590594738,8.520141423245645,0
2026-08-03 09:07:42,WAFER_00463,LOT_019,RCP_03,TOOL_B,65.80728012259985,101.79796321031597,504.9742983967339,2.1962526909443847,8.383734196798814,0
2026-08-03 09:07:43,WAFER_00464,LOT_019,RCP_01,TOOL_A,65.37211000968834,101.07230486068748,499.92725730778517,1.8502427594592383,7.941712454343461,0
2026-08-03 09:07:44,WAFER_00465,LOT_019,RCP_02,TOOL_B,65.15715732569483,100.99423932730956,504.01648369277046,1.9738650853765232,7.914552818484531,0
2026-08-03 09:07:45,WAFER_00466,LOT_019,RCP_02,TOOL_A,64.87729294157705,100.51577167933188,503.4776517036289,1.9079769974498464,7.764399071842311,0
2026-08-03 09:07:46,WAFER_00467,LOT_019,RCP_02,TOOL_B,64.82838554789382,100.6501302121968,502.46806852605954,1.8546715487995407,8.089095704887798,0
2026-08-03 09:07:47,WAFER_00468,LOT_019,RCP_03,TOOL_B,64.79347812857742,101.10323599897477,493.3895103655202,1.8217397800030137,7.919778255101515,0
2026-08-03 09:07:48,WAFER_00469,LOT_019,RCP_01,TOOL_B,64.61315946626351,101.27874394225704,504.13154082779795,1.979478125064996,7.926011289037056,0
2026-08-03 09:07:49,WAFER_00470,LOT_019,RCP_02,TOOL_C,64.70143638852718,101.77225166379264,498.3057652116983,2.2637284470621366,8.324650103410104,0
2026-08-03 09:07:50,WAFER_00471,LOT_019,RCP_02,TOOL_B,64.46049355403387,101.30367726587158,502.64819093997664,1.8527786956023098,8.148939576764391,0
2026-08-03 09:07:51,WAFER_00472,LOT_019,RCP_02,TOOL_B,65.21116350401007,100.75341016612788,496.40162851701047,1.6612474948904223,7.8477927506416,1
2026-08-03 09:07:52,WAFER_00473,LOT_019,RCP_01,TOOL_B,65.57438137711377,101.02336741556164,495.61522603977795,1.8771117611096944,7.791517315994596,0
2026-08-03 09:07:53,WAFER_00474,LOT_019,RCP_01,TOOL_C,64.56413003248201,101.82240449962765,507.3126383262754,2.1065984127063833,8.466565530256208,1
2026-08-03 09:07:54,WAFER_00475,LOT_019,RCP_01,TOOL_C,65.13605188915743,101.7281119324791,496.459162652699,2.0583488177309848,7.5330542764917015,0
2026-08-03 09:07:55,WAFER_00476,LOT_020,RCP_01,TOOL_A,64.50362665302573,101.3106969658852,504.24059456449146,2.3357551949932134,7.837006893111345,0
2026-08-03 09:07:56,WAFER_00477,LOT_020,RCP_02,TOOL_B,64.8536373579492,100.93183994309524,500.4381551893151,1.4921897384584346,7.689146435160012,0
2026-08-03 09:07:57,WAFER_00478,LOT_020,RCP_02,TOOL_A,64.66864180199467,101.52747447756776,498.4455557840674,1.9917025718114967,8.324879720214533,0
2026-08-03 09:07:58,WAFER_00479,LOT_020,RCP_02,TOOL_C,65.28890991133109,100.72253569184461,499.83413312797825,1.947465811149234,8.230948154113419,1
2026-08-03 09:07:59,WAFER_00480,LOT_020,RCP_02,TOOL_B,64.67418167655575,101.24897155126185,495.18595036283415,1.8262390978686793,7.848606648877848,0
2026-08-03 09:08:00,WAFER_00481,LOT_020,RCP_02,TOOL_A,65.4855969985792,101.96361041653947,499.94910879544585,2.313717503818037,7.986871928981616,0
2026-08-03 09:08:01,WAFER_00482,LOT_020,RCP_01,TOOL_A,64.88205402864214,101.37803515925555,495.99386083858496,1.6075262010351874,7.839249444314473,0
2026-08-03 09:08:02,WAFER_00483,LOT_020,RCP_02,TOOL_A,64.68819021939449,100.80526839788058,498.53685796103827,1.6552254690345474,7.891284997298546,0
2026-08-03 09:08:03,WAFER_00484,LOT_020,RCP_01,TOOL_B,64.39841347407432,101.45594010701518,503.4236083866874,1.79649725256968,8.026219810814254,0
2026-08-03 09:08:04,WAFER_00485,LOT_020,RCP_01,TOOL_A,65.12153816494177,101.12139668677416,500.94050550326335,1.6305566084737277,7.886049082683307,0
2026-08-03 09:08:05,WAFER_00486,LOT_020,RCP_02,TOOL_A,65.42970483306857,100.57023597937369,494.51596915414206,1.9768112701880602,7.88411128788655,0
2026-08-03 09:08:06,WAFER_00487,LOT_020,RCP_02,TOOL_C,65.1311942031377,101.3663936902114,503.1505060695813,2.013094112787341,8.077257428097946,0
2026-08-03 09:08:07,WAFER_00488,LOT_020,RCP_01,TOOL_B,66.07463919987893,101.7247770722089,499.97373088093616,1.9308019280298674,7.688478390059457,0
2026-08-03 09:08:08,WAFER_00489,LOT_020,RCP_02,TOOL_A,65.6862979771858,100.98185546461242,497.99391450688546,1.5341621736399862,8.016371962349377,0
2026-08-03 09:08:09,WAFER_00490,LOT_020,RCP_02,TOOL_A,64.85238667293584,100.95665044384342,502.762702324463,1.4386336995691549,8.082782137642171,0
2026-08-03 09:08:10,WAFER_00491,LOT_020,RCP_02,TOOL_C,64.84734683177261,100.7346051513737,499.3813347031851,2.07420300420939,7.9643977061783335,0
2026-08-03 09:08:11,WAFER_00492,LOT_020,RCP_02,TOOL_B,65.22545442535296,101.04302447182232,495.68705304234885,1.486298432392481,8.205184182152829,0
2026-08-03 09:08:12,WAFER_00493,LOT_020,RCP_02,TOOL_B,64.59775079339568,100.88630001448918,506.8368959323635,2.1036537825530903,8.206292862752681,0
2026-08-03 09:08:13,WAFER_00494,LOT_020,RCP_01,TOOL_A,65.55981838713559,100.91580757905275,499.93603646130333,1.4940393019010005,8.263166067335229,0
2026-08-03 09:08:14,WAFER_00495,LOT_020,RCP_03,TOOL_A,65.62356825048492,102.01902415555185,499.6988747434158,1.5924626624658604,8.08097005287996,0
2026-08-03 09:08:15,WAFER_00496,LOT_020,RCP_02,TOOL_A,65.12310027721209,101.2772672703648,498.5011108645968,1.882723977094922,8.172012167078028,0
2026-08-03 09:08:16,WAFER_00497,LOT_020,RCP_02,TOOL_B,65.32973776053,101.31751014105114,504.3658732359931,1.6827272099875987,8.589956978036147,0
2026-08-03 09:08:17,WAFER_00498,LOT_020,RCP_02,TOOL_A,65.82695834401714,101.43569183619432,498.05794951987446,1.4963224060264793,7.91858916776313,0
2026-08-03 09:08:18,WAFER_00499,LOT_020,RCP_01,TOOL_A,65.08205856905,101.59299376236872,494.2835745223971,2.207992832014392,7.71766329475982,0
2026-08-03 09:08:19,WAFER_00500,LOT_020,RCP_02,TOOL_B,64.94574062198174,100.94301821793724,497.4888926509849,1.5996732393680853,7.585803831530205,0
2026-08-03 09:08:20,WAFER_00501,LOT_021,RCP_02,TOOL_C,65.72418541919484,101.20356999672916,504.90906602168275,2.0807484385006902,8.824031961162724,0
2026-08-03 09:08:21,WAFER_00502,LOT_021,RCP_03,TOOL_B,65.91442419967575,101.19776841598095,503.07888899739135,1.758161495978794,8.477572559848637,0
2026-08-03 09:08:22,WAFER_00503,LOT_021,RCP_03,TOOL_B,65.29592967661581,101.46661617741513,499.0564420851585,1.9420618303933157,7.750358069677758,0
2026-08-03 09:08:23,WAFER_00504,LOT_021,RCP_02,TOOL_B,65.00248949535633,101.2298425366641,505.08104402406974,1.892470492134212,7.80362338057679,0
2026-08-03 09:08:24,WAFER_00505,LOT_021,RCP_02,TOOL_A,65.09378283965063,100.9545891008716,502.76738624664097,1.634639792453799,7.912522419866583,0
2026-08-03 09:08:25,WAFER_00506,LOT_021,RCP_03,TOOL_A,65.62367021341039,100.79486648528972,499.01361935455196,1.7348345565113388,8.330549355479416,0
2026-08-03 09:08:26,WAFER_00507,LOT_021,RCP_01,TOOL_B,64.34883207154923,101.35557008164689,499.386133536126,1.754615513291637,7.6524284064103165,0
2026-08-03 09:08:27,WAFER_00508,LOT_021,RCP_03,TOOL_A,64.70960738825525,101.22237759463323,501.2184756081981,1.9497918996397123,7.469012728280004,0
2026-08-03 09:08:28,WAFER_00509,LOT_021,RCP_02,TOOL_B,64.57405278943882,100.38165854587066,496.9220182862439,1.5663356170282798,8.585228908671784,0
2026-08-03 09:08:29,WAFER_00510,LOT_021,RCP_01,TOOL_C,64.53692554735456,101.49291147217771,500.0166687423846,2.5236221113511563,8.43434078746842,0
2026-08-03 09:08:30,WAFER_00511,LOT_021,RCP_01,TOOL_C,64.69096447329319,101.66683000265225,501.14149944906916,1.9681633225081112,8.47269159259801,0
2026-08-03 09:08:31,WAFER_00512,LOT_021,RCP_03,TOOL_A,65.75466110820321,102.2607754605794,493.7582249171484,1.7982501206486814,7.944621378596002,0
2026-08-03 09:08:32,WAFER_00513,LOT_021,RCP_01,TOOL_A,64.91891400496412,101.15134494873814,499.2995148064988,1.5680021120613516,8.125761929403867,0
2026-08-03 09:08:33,WAFER_00514,LOT_021,RCP_01,TOOL_A,65.09426941040489,101.09528947931135,498.87869211414693,1.5403681976718766,7.5911644114979335,0
2026-08-03 09:08:34,WAFER_00515,LOT_021,RCP_01,TOOL_A,64.41233436317971,100.87842000843308,503.8038516738532,1.6251143181844752,7.772951446947738,0
2026-08-03 09:08:35,WAFER_00516,LOT_021,RCP_01,TOOL_A,64.77841174259795,101.37928392446506,493.1753611228992,1.605895356467149,8.028392628821104,0
2026-08-03 09:08:36,WAFER_00517,LOT_021,RCP_01,TOOL_A,65.28188367763752,101.37688090861218,498.58842772709625,1.717148595169034,7.386859458916935,0
2026-08-03 09:08:37,WAFER_00518,LOT_021,RCP_02,TOOL_B,65.28557717992487,100.79170739278103,498.21750780475105,1.6042069942472519,7.918320244270158,0
2026-08-03 09:08:38,WAFER_00519,LOT_021,RCP_01,TOOL_B,64.6522045624698,101.23352664483853,503.5522625665099,1.939110484258842,7.90167562000971,0
2026-08-03 09:08:39,WAFER_00520,LOT_021,RCP_03,TOOL_C,65.52759794546219,100.54810704658205,499.8388776933499,1.963403220936325,8.268273637373403,0
2026-08-03 09:08:40,WAFER_00521,LOT_021,RCP_03,TOOL_A,66.50544696967152,101.65202316417663,506.6455501889138,1.621236901309617,7.851207911888335,0
2026-08-03 09:08:41,WAFER_00522,LOT_021,RCP_01,TOOL_A,64.9915529939573,101.00714188132457,502.45018951305366,1.7214062271765462,7.731109180013886,0
2026-08-03 09:08:42,WAFER_00523,LOT_021,RCP_01,TOOL_A,64.66727026585163,101.28683058646307,498.48217492149877,1.998567775739259,7.508051400426852,0
2026-08-03 09:08:43,WAFER_00524,LOT_021,RCP_02,TOOL_A,64.91659405310617,100.55785649990683,500.8867371772682,1.8429752347220798,8.039081702735201,0
2026-08-03 09:08:44,WAFER_00525,LOT_021,RCP_01,TOOL_A,65.04424501161289,101.0787056322046,498.689945405333,1.780062094022506,7.918966523565015,0
2026-08-03 09:08:45,WAFER_00526,LOT_022,RCP_01,TOOL_C,64.92743917726854,101.19375536166334,503.1797655348146,1.8333910460062643,7.978673982426456,0
2026-08-03 09:08:46,WAFER_00527,LOT_022,RCP_03,TOOL_A,65.43494974367528,101.29570947815488,495.07086846082325,1.5714583080272582,8.016884021465119,0
2026-08-03 09:08:47,WAFER_00528,LOT_022,RCP_03,TOOL_A,64.75714553747032,101.48229835589855,496.9523248866861,1.5443180119920754,7.920363447330369,0
2026-08-03 09:08:48,WAFER_00529,LOT_022,RCP_03,TOOL_B,64.98793737195875,101.84684853172476,501.6860526986532,2.0613702447344693,7.875523533051229,0
2026-08-03 09:08:49,WAFER_00530,LOT_022,RCP_01,TOOL_B,64.92831908620568,101.57843015825235,504.5352988602774,1.9061126246263296,7.417638380561988,0
2026-08-03 09:08:50,WAFER_00531,LOT_022,RCP_02,TOOL_B,64.92067137438923,101.46562252639556,491.85271619428494,1.6276758982151613,8.184347228323132,0
2026-08-03 09:08:51,WAFER_00532,LOT_022,RCP_02,TOOL_A,64.7282291480672,101.64951956177839,505.08554349916454,1.687125671234869,7.667076219170535,0
2026-08-03 09:08:52,WAFER_00533,LOT_022,RCP_01,TOOL_C,64.91503347868331,101.51648899497862,499.4815000248164,1.9549419647525332,8.367082968807136,0
2026-08-03 09:08:53,WAFER_00534,LOT_022,RCP_02,TOOL_A,65.02928713059882,101.08605126566478,493.0296626408325,1.6228277567238583,7.781767520273173,0
2026-08-03 09:08:54,WAFER_00535,LOT_022,RCP_01,TOOL_A,65.42691845913177,101.68346252437692,488.89360698500946,1.8920602062432361,7.895043840262044,0
2026-08-03 09:08:55,WAFER_00536,LOT_022,RCP_01,TOOL_B,64.9523783670915,101.70774352866543,494.34127155650935,1.7424927558431373,8.311118972772476,0
2026-08-03 09:08:56,WAFER_00537,LOT_022,RCP_02,TOOL_C,65.19156953854316,101.3464550184271,499.927092033372,2.5362335488594927,8.49353691421691,0
2026-08-03 09:08:57,WAFER_00538,LOT_022,RCP_01,TOOL_A,64.74003185531171,100.74724151312628,499.7561772601071,2.0500719649034,8.305110785498156,0
2026-08-03 09:08:58,WAFER_00539,LOT_022,RCP_01,TOOL_B,65.27460594732727,100.98024514182403,502.34284160842446,2.0618960680933447,8.089204083547825,0
2026-08-03 09:08:59,WAFER_00540,LOT_022,RCP_03,TOOL_A,65.63035054285393,101.19555544046841,497.96689744302444,1.9342713949896253,8.10695876777201,0
2026-08-03 09:09:00,WAFER_00541,LOT_022,RCP_03,TOOL_A,65.86559216152632,101.59625598787964,495.9002499781492,1.7154681858985623,7.519092469938932,0
2026-08-03 09:09:01,WAFER_00542,LOT_022,RCP_02,TOOL_A,65.34246102197335,101.09188836075319,498.4715803656547,1.919558176905917,7.91426825165603,0
2026-08-03 09:09:02,WAFER_00543,LOT_022,RCP_03,TOOL_B,65.73259309898295,101.7320100807112,500.1243580615728,1.7302334610942685,7.939274588400876,0
2026-08-03 09:09:03,WAFER_00544,LOT_022,RCP_03,TOOL_A,65.40275964384426,101.79978991892283,500.8538593413345,2.1260552101456724,8.330389501495034,0
2026-08-03 09:09:04,WAFER_00545,LOT_022,RCP_01,TOOL_B,65.11757082898134,101.75568477809733,497.0800906126921,1.880855876609984,7.863318081465129,0
2026-08-03 09:09:05,WAFER_00546,LOT_022,RCP_02,TOOL_A,65.51048428565673,101.5581054145025,503.33535279124084,1.8524720717206031,8.071512067445154,0
2026-08-03 09:09:06,WAFER_00547,LOT_022,RCP_01,TOOL_C,64.68700420668665,100.90594231622968,497.7008319446211,2.1454145324859017,8.410954482632883,0
2026-08-03 09:09:07,WAFER_00548,LOT_022,RCP_01,TOOL_C,64.69836426622551,101.4834014897932,496.7820457593979,2.4680532854721715,8.662572293275796,0
2026-08-03 09:09:08,WAFER_00549,LOT_022,RCP_03,TOOL_A,65.53708707101617,101.06913896443695,497.9931514149673,1.5132499332326428,7.9638890977773436,0
2026-08-03 09:09:09,WAFER_00550,LOT_022,RCP_02,TOOL_A,65.19933425132741,100.4733547940835,503.97690865009963,2.1676575655337453,8.22350247614715,0
2026-08-03 09:09:10,WAFER_00551,LOT_023,RCP_02,TOOL_A,64.60442888035328,100.99076096981878,499.5086531241196,1.7627692385091724,7.539686413782868,0
2026-08-03 09:09:11,WAFER_00552,LOT_023,RCP_01,TOOL_C,64.96411396956161,101.80340004693835,497.43030003864186,1.83877020483687,7.914214753105135,0
2026-08-03 09:09:12,WAFER_00553,LOT_023,RCP_01,TOOL_A,64.95488058837019,101.47508196384501,503.42659867665964,1.6495580536713887,7.383497026951378,0
2026-08-03 09:09:13,WAFER_00554,LOT_023,RCP_03,TOOL_B,64.38666554451034,102.06676756121024,507.9281695978104,1.4698385474552835,8.212215943286001,0
2026-08-03 09:09:14,WAFER_00555,LOT_023,RCP_01,TOOL_A,64.8945948851558,101.36734745520188,500.7758257469431,1.930731349117128,8.18189007320296,0
2026-08-03 09:09:15,WAFER_00556,LOT_023,RCP_01,TOOL_B,64.92448744023274,102.2301650463653,504.5652171052021,1.592341409930696,8.242143444952806,0
2026-08-03 09:09:16,WAFER_00557,LOT_023,RCP_01,TOOL_B,64.92305938744495,101.36745806569648,503.8334884171267,1.8337335332409401,7.817112304359328,0
2026-08-03 09:09:17,WAFER_00558,LOT_023,RCP_02,TOOL_B,65.6796388517971,101.10854251253842,497.75913291886417,2.0268434060331697,7.84784213246564,0
2026-08-03 09:09:18,WAFER_00559,LOT_023,RCP_02,TOOL_C,64.41641681671574,100.61383176658983,500.09854646776205,1.9855966142867727,8.317317136481176,0
2026-08-03 09:09:19,WAFER_00560,LOT_023,RCP_02,TOOL_A,64.60418116582179,101.52201384131125,495.25458487009524,1.7463792613951217,8.389798811795867,0
2026-08-03 09:09:20,WAFER_00561,LOT_023,RCP_01,TOOL_C,63.74614601680672,101.10919245100261,499.24171361446196,1.859326678016797,8.807333594457953,0
2026-08-03 09:09:21,WAFER_00562,LOT_023,RCP_01,TOOL_A,64.76916000023641,101.05412189702469,497.6830956342348,1.7223285782097606,8.214328292257168,0
2026-08-03 09:09:22,WAFER_00563,LOT_023,RCP_03,TOOL_B,65.26009109401953,101.78686761422978,498.50932195845013,2.3148047250546746,8.089375325696945,0
2026-08-03 09:09:23,WAFER_00564,LOT_023,RCP_02,TOOL_C,64.75521095535956,101.54012461414246,497.2253883838928,2.275586632822088,8.710553328379033,1
2026-08-03 09:09:24,WAFER_00565,LOT_023,RCP_02,TOOL_B,65.53168512295221,101.53017951954006,498.9377418096764,1.747053916221279,7.93092253656962,0
2026-08-03 09:09:25,WAFER_00566,LOT_023,RCP_02,TOOL_B,65.41309641072175,100.9623673690591,501.9692609391802,1.677662392763657,7.89444578676978,0
2026-08-03 09:09:26,WAFER_00567,LOT_023,RCP_03,TOOL_A,65.48737122764831,101.280629171184,499.55787993137204,1.7914733208687135,7.965164027434271,0
2026-08-03 09:09:27,WAFER_00568,LOT_023,RCP_01,TOOL_A,64.82210573430086,101.27725532887557,493.1018191683051,1.826010150438728,7.735747120256714,0
2026-08-03 09:09:28,WAFER_00569,LOT_023,RCP_01,TOOL_A,65.49257104069129,101.59735690865551,497.2393539098756,1.7161860585708484,7.952747471619665,0
2026-08-03 09:09:29,WAFER_00570,LOT_023,RCP_02,TOOL_B,64.99051622727879,101.69035457402781,494.37822239553446,1.906011839154226,7.698299828178336,0
2026-08-03 09:09:30,WAFER_00571,LOT_023,RCP_01,TOOL_B,64.60723038131914,101.43989569097539,500.90302283613255,1.6093105019879181,8.276752111102887,0
2026-08-03 09:09:31,WAFER_00572,LOT_023,RCP_03,TOOL_A,64.62620063480742,102.05045861243579,501.86227424700047,1.6083224650031465,8.146795595578915,0
2026-08-03 09:09:32,WAFER_00573,LOT_023,RCP_02,TOOL_A,64.78816904293008,101.44093387885256,500.94922842086044,1.8740390914100409,8.385981847337913,0
2026-08-03 09:09:33,WAFER_00574,LOT_023,RCP_03,TOOL_A,65.81222893624286,101.21077623023652,497.0866037447923,1.5662716492871205,7.560093643213169,0
2026-08-03 09:09:34,WAFER_00575,LOT_023,RCP_03,TOOL_A,66.54273857098069,101.61491033432901,500.9133595377855,1.945803450572508,8.51345817566896,0
2026-08-03 09:09:35,WAFER_00576,LOT_024,RCP_02,TOOL_A,65.02957296617095,101.74825730590933,498.2605772536552,1.7971438775206134,7.575431638275771,0
2026-08-03 09:09:36,WAFER_00577,LOT_024,RCP_03,TOOL_C,65.08262935274226,102.0593498136697,495.7885658359241,1.7544181562565575,8.026456819727535,0
2026-08-03 09:09:37,WAFER_00578,LOT_024,RCP_02,TOOL_B,64.43121670002358,101.55101871094764,502.74514070292304,1.8218998251121894,7.832378182346965,0
2026-08-03 09:09:38,WAFER_00579,LOT_024,RCP_03,TOOL_A,65.71493835022669,101.30975629239003,503.02670268877796,1.4629706750822011,8.353084586831864,1
2026-08-03 09:09:39,WAFER_00580,LOT_024,RCP_01,TOOL_B,64.15298429485556,101.21765656345875,503.510913280009,1.9386724019311323,8.060904844251715,0
2026-08-03 09:09:40,WAFER_00581,LOT_024,RCP_02,TOOL_C,65.26416564867435,101.31890641135332,497.7491101798799,2.0702571341498808,8.284166102359176,0
2026-08-03 09:09:41,WAFER_00582,LOT_024,RCP_02,TOOL_A,65.39250157100619,101.736110308203,504.3636405569644,2.1702168433013638,7.785990592645807,0
2026-08-03 09:09:42,WAFER_00583,LOT_024,RCP_01,TOOL_A,65.20941413755178,101.46483226644149,498.17374567008613,2.0142625688745213,7.628497509321611,0
2026-08-03 09:09:43,WAFER_00584,LOT_024,RCP_01,TOOL_A,64.89456239746949,101.47272211131015,502.4179548896925,1.587861498753635,8.305809377397113,0
2026-08-03 09:09:44,WAFER_00585,LOT_024,RCP_03,TOOL_A,65.72117151370247,101.3195311846405,498.1096231514633,1.3958520272317165,8.215632600483133,0
2026-08-03 09:09:45,WAFER_00586,LOT_024,RCP_02,TOOL_B,65.08205041814158,100.97540139620013,499.17126599414064,1.6489797486417253,8.365161601814934,0
2026-08-03 09:09:46,WAFER_00587,LOT_024,RCP_01,TOOL_C,64.62650055590692,101.23838888747531,491.04164192766,1.8757482794339257,8.457140894284903,0
2026-08-03 09:09:47,WAFER_00588,LOT_024,RCP_01,TOOL_A,65.88819791474002,101.3514618743933,498.8829211066574,2.165147617375419,7.286632336190006,0
2026-08-03 09:09:48,WAFER_00589,LOT_024,RCP_01,TOOL_B,64.83119389778695,101.95287799857113,500.3370328771046,1.7979370681439697,7.663962608176008,0
2026-08-03 09:09:49,WAFER_00590,LOT_024,RCP_01,TOOL_A,65.37236110421595,101.2089087641583,498.4828164157538,1.9866837608366334,8.12551525257861,0
2026-08-03 09:09:50,WAFER_00591,LOT_024,RCP_03,TOOL_B,64.28906514430605,101.31999258884632,506.497895851915,1.742993817489883,7.900176403186275,0
2026-08-03 09:09:51,WAFER_00592,LOT_024,RCP_02,TOOL_B,65.61270602373484,100.77115648904552,495.6988754842965,1.7640665023438709,7.849112668929406,0
2026-08-03 09:09:52,WAFER_00593,LOT_024,RCP_01,TOOL_A,65.7050065974342,101.5723198052598,497.9147494227155,1.7934745954982183,7.702128773479827,0
2026-08-03 09:09:53,WAFER_00594,LOT_024,RCP_02,TOOL_A,65.01432021782078,101.61933808791294,496.65197134305237,2.0213078637184894,8.255849183201926,0
2026-08-03 09:09:54,WAFER_00595,LOT_024,RCP_01,TOOL_B,65.26821009667412,101.91730918146357,497.9140251777168,1.8623249511349198,8.123172012101863,0
2026-08-03 09:09:55,WAFER_00596,LOT_024,RCP_01,TOOL_C,65.26808728717162,101.37727851938436,503.8162283328806,1.908533231304667,8.485321630185192,0
2026-08-03 09:09:56,WAFER_00597,LOT_024,RCP_02,TOOL_A,64.69146388657245,101.3182546276461,505.46871763900975,2.1245028276172837,7.828927392828034,0
2026-08-03 09:09:57,WAFER_00598,LOT_024,RCP_02,TOOL_A,65.26261870661088,101.04165087757538,497.4070673395999,1.7414369002027374,8.047597694902949,0
2026-08-03 09:09:58,WAFER_00599,LOT_024,RCP_03,TOOL_A,65.06185737446117,101.50064709828392,497.32487209192414,1.7088959752246704,7.63880346992695,0
2026-08-03 09:09:59,WAFER_00600,LOT_024,RCP_02,TOOL_B,64.70779667665025,101.2193067579497,495.7186240002025,1.2340989395501931,7.9649464451715275,0
2026-08-03 09:10:00,WAFER_00601,LOT_025,RCP_02,TOOL_B,65.5409327087419,101.12214046715556,504.8332559301214,1.9268799182322676,7.31745901377986,0
2026-08-03 09:10:01,WAFER_00602,LOT_025,RCP_03,TOOL_B,65.9178356915361,101.35234640306531,504.14771630559034,1.8202025279323768,7.57660864243367,0
2026-08-03 09:10:02,WAFER_00603,LOT_025,RCP_03,TOOL_B,65.11093975898443,101.47173046768958,499.6078673400415,1.8199851313203805,7.912975802051957,0
2026-08-03 09:10:03,WAFER_00604,LOT_025,RCP_02,TOOL_C,64.6478833551195,100.98822207475868,494.83443297366455,2.039435065777836,8.991281899494231,0
2026-08-03 09:10:04,WAFER_00605,LOT_025,RCP_03,TOOL_C,65.14011363082032,101.20785121901035,495.16534850781187,2.0049564319734436,7.863799370175286,0
2026-08-03 09:10:05,WAFER_00606,LOT_025,RCP_03,TOOL_A,65.80166699190343,101.94879756519519,500.631328966423,1.726083914633914,7.664233240014237,0
2026-08-03 09:10:06,WAFER_00607,LOT_025,RCP_03,TOOL_B,64.97000730521101,102.33000777216162,502.03255029825203,1.892632174225456,8.05852919510706,0
2026-08-03 09:10:07,WAFER_00608,LOT_025,RCP_01,TOOL_A,65.17122206673726,100.84234055955706,492.35526422142175,1.9278235546066702,8.477744184623942,0
2026-08-03 09:10:08,WAFER_00609,LOT_025,RCP_02,TOOL_A,65.35848646910446,100.62140094233709,498.81115333100985,1.7537936823250804,8.05458657418678,0
2026-08-03 09:10:09,WAFER_00610,LOT_025,RCP_02,TOOL_C,64.9576421838593,100.73628192543289,505.98769479136234,2.309787498863352,8.539578300122121,0
2026-08-03 09:10:10,WAFER_00611,LOT_025,RCP_02,TOOL_B,65.48483057449516,101.06075040228535,499.19521593546796,1.7842051637965044,7.908846987317351,0
2026-08-03 09:10:11,WAFER_00612,LOT_025,RCP_02,TOOL_C,64.8539311186449,101.44039659419415,505.5116609359253,2.0191547163752688,8.212132170986369,1
2026-08-03 09:10:12,WAFER_00613,LOT_025,RCP_03,TOOL_A,65.34734931152292,101.52467611797834,502.40147067713605,1.839683114981473,8.022189775058294,0
2026-08-03 09:10:13,WAFER_00614,LOT_025,RCP_03,TOOL_B,64.98092180905671,101.36537183197657,495.98816547690916,1.5281227163012279,7.822261864530952,0
2026-08-03 09:10:14,WAFER_00615,LOT_025,RCP_01,TOOL_B,65.48824512685769,101.500995507844,498.91711621459814,1.8465436618158497,8.195552721453792,0
2026-08-03 09:10:15,WAFER_00616,LOT_025,RCP_02,TOOL_A,64.63207018545015,100.83700726048122,499.5238313173846,1.4915635788947257,7.566306587284692,0
2026-08-03 09:10:16,WAFER_00617,LOT_025,RCP_02,TOOL_A,65.16789047250323,101.007233346734,496.475707198054,1.5944546080032471,8.240296498793045,0
2026-08-03 09:10:17,WAFER_00618,LOT_025,RCP_01,TOOL_B,64.96576828777955,101.2923640716172,496.4114883155995,1.396261718656675,8.010614513321743,0
2026-08-03 09:10:18,WAFER_00619,LOT_025,RCP_01,TOOL_A,64.49466412970641,100.69799779122869,505.57504379083866,1.7649766094657,7.942025365477767,0
2026-08-03 09:10:19,WAFER_00620,LOT_025,RCP_01,TOOL_C,64.7076304909648,100.85870212220541,496.3837657071361,2.4419267404618186,7.9063941687496655,1
2026-08-03 09:10:20,WAFER_00621,LOT_025,RCP_03,TOOL_A,66.11377867473955,100.87380489671449,503.99021348271214,1.776584667783713,7.735457058560575,0
2026-08-03 09:10:21,WAFER_00622,LOT_025,RCP_02,TOOL_A,65.09679562046455,101.39036112499983,498.3850074300494,1.9287170758866254,8.323635897745959,0
2026-08-03 09:10:22,WAFER_00623,LOT_025,RCP_03,TOOL_B,64.96560783614392,101.39323488045751,499.90513447943226,2.270462779462478,7.943678270530992,0
2026-08-03 09:10:23,WAFER_00624,LOT_025,RCP_02,TOOL_A,65.14655757792737,101.3322032560281,502.07882434748274,1.8808111696240193,8.075167585785662,0
2026-08-03 09:10:24,WAFER_00625,LOT_025,RCP_03,TOOL_C,65.37986526483462,100.60093110387506,497.7853329102527,1.9669575910823955,8.112526356404857,0
2026-08-03 09:10:25,WAFER_00626,LOT_026,RCP_02,TOOL_B,66.65794227307721,100.53624465930038,502.10124595992977,1.6744862794528326,7.992155248219128,0
2026-08-03 09:10:26,WAFER_00627,LOT_026,RCP_03,TOOL_A,65.58685944384429,101.55202186729747,492.428210111671,1.8001316416446014,7.629518947007606,0
2026-08-03 09:10:27,WAFER_00628,LOT_026,RCP_01,TOOL_B,64.81730007340815,100.2441055361669,501.62691733713416,1.6734210709478152,8.02696820865773,0
2026-08-03 09:10:28,WAFER_00629,LOT_026,RCP_02,TOOL_B,65.68161340053781,101.56535915588792,490.8664385390849,1.6883826000373137,8.100073042262956,0
2026-08-03 09:10:29,WAFER_00630,LOT_026,RCP_03,TOOL_B,64.56630263969944,100.60713948546133,499.16066711121573,1.997050781851898,8.086565976339955,0
2026-08-03 09:10:30,WAFER_00631,LOT_026,RCP_03,TOOL_C,65.49527367506293,101.62047105893149,503.1606990456784,2.325231256154442,8.106032095767656,0
2026-08-03 09:10:31,WAFER_00632,LOT_026,RCP_03,TOOL_B,66.40732567744692,100.96233784259235,502.302492632416,1.4706215035902672,7.907646234292865,0
2026-08-03 09:10:32,WAFER_00633,LOT_026,RCP_01,TOOL_B,64.94422434350732,101.6985834117652,495.1958812278408,1.6363660964199562,8.14504241941504,0
2026-08-03 09:10:33,WAFER_00634,LOT_026,RCP_01,TOOL_A,64.16801549856892,102.51910114728827,495.67224173445396,1.7071991226173215,7.942911849274913,0
2026-08-03 09:10:34,WAFER_00635,LOT_026,RCP_01,TOOL_B,64.80995937708292,100.43619250055397,497.4519134508063,1.9198177892330504,7.92242754676817,0
2026-08-03 09:10:35,WAFER_00636,LOT_026,RCP_01,TOOL_C,65.69816865966034,101.56424331618705,500.6889986907251,2.348615117701131,8.8639362543289,0
2026-08-03 09:10:36,WAFER_00637,LOT_026,RCP_02,TOOL_B,65.18051340623397,100.41289816883437,492.4818471968383,2.340393586854777,7.743232937906146,0
2026-08-03 09:10:37,WAFER_00638,LOT_026,RCP_02,TOOL_B,64.597349067434,101.26217219044264,499.95107276936034,1.7068653407434677,8.291712986384026,0
2026-08-03 09:10:38,WAFER_00639,LOT_026,RCP_03,TOOL_A,65.12108345255407,101.22142657785028,501.15228868306025,1.7168542571315943,7.6882362208536685,0
2026-08-03 09:10:39,WAFER_00640,LOT_026,RCP_03,TOOL_B,65.18134386984809,101.3493172825355,498.95276243077734,1.9177140031275428,8.176790893158282,0
2026-08-03 09:10:40,WAFER_00641,LOT_026,RCP_02,TOOL_C,65.17337498434591,100.75355921499526,501.94368758179627,1.9835566562090283,8.541201190693473,0
2026-08-03 09:10:41,WAFER_00642,LOT_026,RCP_03,TOOL_A,66.09233414381056,101.59660562160867,500.82777938580693,1.7718076277018966,7.862201408134598,0
2026-08-03 09:10:42,WAFER_00643,LOT_026,RCP_01,TOOL_A,65.50516304614361,100.74962402157125,497.9958792402241,1.716992378243291,7.671281249727231,0
2026-08-03 09:10:43,WAFER_00644,LOT_026,RCP_01,TOOL_B,65.21888584741238,101.77182215990152,492.8360993670399,1.2756692156191642,7.467983034973077,0
2026-08-03 09:10:44,WAFER_00645,LOT_026,RCP_02,TOOL_B,64.3608105151724,100.94448488348813,500.49362840181203,1.8246466460303092,7.83391935259016,0
2026-08-03 09:10:45,WAFER_00646,LOT_026,RCP_03,TOOL_B,64.81259239328315,100.76697754258683,496.4736211486491,1.7635278081394419,8.142079034947127,0
2026-08-03 09:10:46,WAFER_00647,LOT_026,RCP_01,TOOL_A,65.25596097018261,101.90607599286946,497.86013228801227,2.05424621005138,7.709040397583114,0
2026-08-03 09:10:47,WAFER_00648,LOT_026,RCP_02,TOOL_A,64.3541738729922,101.07440979193251,501.7727596064634,1.801098081507271,8.026176116849406,0
2026-08-03 09:10:48,WAFER_00649,LOT_026,RCP_02,TOOL_B,64.89172782988707,101.82490166876796,505.2441335187071,1.5490505043371656,7.601363954564071,0
2026-08-03 09:10:49,WAFER_00650,LOT_026,RCP_01,TOOL_B,65.14599221416937,101.76411532913907,499.8591775432646,1.7483802254040954,7.936850188131929,0
2026-08-03 09:10:50,WAFER_00651,LOT_027,RCP_02,TOOL_B,64.45395488222591,100.79670463218115,502.0500398948497,1.3817834313726745,7.690298145866342,0
2026-08-03 09:10:51,WAFER_00652,LOT_027,RCP_03,TOOL_B,64.95835407950774,101.26770387564403,494.6554264377343,1.5578164329600714,7.978945264488504,0
2026-08-03 09:10:52,WAFER_00653,LOT_027,RCP_02,TOOL_B,64.95482188900745,101.14599441707215,500.90843724968164,1.9271011936305995,7.864708543205967,0
2026-08-03 09:10:53,WAFER_00654,LOT_027,RCP_01,TOOL_B,65.24175213801155,101.87999521599484,499.7783480305945,1.7505319120092673,7.678601143215848,0
2026-08-03 09:10:54,WAFER_00655,LOT_027,RCP_03,TOOL_B,65.9595290097986,101.4662567310795,504.5481420483169,1.9845016478996131,7.822104160969986,0
2026-08-03 09:10:55,WAFER_00656,LOT_027,RCP_01,TOOL_B,65.29138564868987,101.36699119601666,498.0003036386936,1.4066215498243904,7.7477776471946616,0
2026-08-03 09:10:56,WAFER_00657,LOT_027,RCP_03,TOOL_B,65.48535516559626,101.22404575690264,499.10594081649924,1.7515077205352494,7.6452403309358985,0
2026-08-03 09:10:57,WAFER_00658,LOT_027,RCP_01,TOOL_A,64.64182651829262,101.28078832637523,503.9176135283913,1.704897500322443,8.292341372828142,0
2026-08-03 09:10:58,WAFER_00659,LOT_027,RCP_02,TOOL_A,64.48596464199463,101.59574499255775,499.6594749681398,1.9911697165226412,7.90275278659825,0
2026-08-03 09:10:59,WAFER_00660,LOT_027,RCP_01,TOOL_B,64.754778997602,101.30140803330303,495.8972868892371,1.9345525536333246,7.40539912875011,0
2026-08-03 09:11:00,WAFER_00661,LOT_027,RCP_01,TOOL_C,65.19676908079067,101.14990103690668,509.4410431111734,2.2484504300176598,8.181714181949435,0
2026-08-03 09:11:01,WAFER_00662,LOT_027,RCP_03,TOOL_B,65.61157937918112,101.08548727706679,496.0092067756541,2.1082820076168205,8.246972162730932,0
2026-08-03 09:11:02,WAFER_00663,LOT_027,RCP_01,TOOL_A,63.992047046851944,101.08956924154225,499.76060969826676,1.7263825781426867,7.794433169020508,0
2026-08-03 09:11:03,WAFER_00664,LOT_027,RCP_01,TOOL_B,64.6228750264316,100.76720352150375,501.28274617729477,2.0670161670601437,8.40439084709608,0
2026-08-03 09:11:04,WAFER_00665,LOT_027,RCP_01,TOOL_A,65.57816362477095,101.01485738283594,500.99018478341515,1.5911587698240528,7.768701245160371,0
2026-08-03 09:11:05,WAFER_00666,LOT_027,RCP_02,TOOL_B,65.03802322294598,101.66939970474712,499.2979482951763,1.5838244500468612,8.135920175070442,0
2026-08-03 09:11:06,WAFER_00667,LOT_027,RCP_03,TOOL_C,64.76983572171056,101.22149228098435,499.31638662905266,2.2705493142996676,8.629892417839573,0
2026-08-03 09:11:07,WAFER_00668,LOT_027,RCP_03,TOOL_B,66.58079416716711,101.56767643405132,499.1307520947346,1.4990518523182397,8.121552372524087,0
2026-08-03 09:11:08,WAFER_00669,LOT_027,RCP_01,TOOL_B,64.98610796848891,100.35807252319768,495.8710447232119,1.9145531256837915,7.6288866268469215,0
2026-08-03 09:11:09,WAFER_00670,LOT_027,RCP_02,TOOL_A,65.18448030047044,101.31595829740702,507.9558110933641,1.8202626387442653,7.745533484231178,0
2026-08-03 09:11:10,WAFER_00671,LOT_027,RCP_01,TOOL_A,65.19177188290166,101.23868597233974,499.18603360446053,2.0143705457309746,8.315919167404378,0
2026-08-03 09:11:11,WAFER_00672,LOT_027,RCP_02,TOOL_C,64.8235541762431,100.9170527913016,502.20864467344546,2.108111207009022,8.132754906790366,0
2026-08-03 09:11:12,WAFER_00673,LOT_027,RCP_03,TOOL_B,65.10076463272573,101.36876478382003,498.76178442657806,1.8112097892591055,8.263432658753596,0
2026-08-03 09:11:13,WAFER_00674,LOT_027,RCP_02,TOOL_B,66.01840399283165,100.91158640355142,498.6873744122847,1.9018529985849812,7.8838231251099655,0
2026-08-03 09:11:14,WAFER_00675,LOT_027,RCP_02,TOOL_A,65.48153881741652,100.29292753044241,498.31485844812227,1.6674700899880444,8.03818807618917,0
2026-08-03 09:11:15,WAFER_00676,LOT_028,RCP_01,TOOL_A,65.39452985653216,101.65045421764533,494.2655705844398,1.6587587385019558,7.625751035204343,0
2026-08-03 09:11:16,WAFER_00677,LOT_028,RCP_03,TOOL_A,65.72661881202474,101.3923466733123,499.40570178155315,1.8948858879686838,7.835767754827626,0
2026-08-03 09:11:17,WAFER_00678,LOT_028,RCP_02,TOOL_A,64.5184076526264,100.9807018671958,498.49407167901813,1.7941424381738726,7.763667277281275,0
2026-08-03 09:11:18,WAFER_00679,LOT_028,RCP_01,TOOL_A,65.61321449203533,100.93284955861247,504.33464068398365,1.718537216539144,8.060911905650707,1
2026-08-03 09:11:19,WAFER_00680,LOT_028,RCP_01,TOOL_C,64.59529632415436,100.74145414387928,495.5722095649373,2.1034431800604665,8.375163346523287,0
2026-08-03 09:11:20,WAFER_00681,LOT_028,RCP_01,TOOL_B,65.13597766311231,101.38507922868585,497.86455544304704,2.118911901567666,8.124915471986322,0
2026-08-03 09:11:21,WAFER_00682,LOT_028,RCP_01,TOOL_A,64.213092845377,101.91310756488564,496.6757702730099,1.7113963186520216,7.867558924164978,0
2026-08-03 09:11:22,WAFER_00683,LOT_028,RCP_01,TOOL_A,64.02038775168919,101.3772032611616,505.3373624578437,1.705596077343597,7.748837880750464,0
2026-08-03 09:11:23,WAFER_00684,LOT_028,RCP_02,TOOL_A,65.1527797772735,100.57455058968472,496.7831887540377,1.458511155067501,8.049336853096962,0
2026-08-03 09:11:24,WAFER_00685,LOT_028,RCP_02,TOOL_C,64.61163235174645,101.18554435627459,502.0805094254867,2.111529412368577,8.072010996188101,0
2026-08-03 09:11:25,WAFER_00686,LOT_028,RCP_01,TOOL_A,64.04519956577731,101.27972967434624,503.5895974516021,1.9313767022480786,8.291174082134098,0
2026-08-03 09:11:26,WAFER_00687,LOT_028,RCP_02,TOOL_B,65.25949256141459,101.4283365779082,499.459345227763,1.9672396231361737,7.969078955620939,0
2026-08-03 09:11:27,WAFER_00688,LOT_028,RCP_03,TOOL_C,66.46763877010439,101.53055860741645,494.9057992965203,2.1416435203261064,8.261943520379662,1
2026-08-03 09:11:28,WAFER_00689,LOT_028,RCP_03,TOOL_A,66.11698892411843,100.16538743703822,494.9526307225743,1.9911667146161767,8.124787418142557,0
2026-08-03 09:11:29,WAFER_00690,LOT_028,RCP_02,TOOL_B,64.87648741507248,101.30719203768281,503.1811270397455,1.9462460803760484,7.979381585153437,0
2026-08-03 09:11:30,WAFER_00691,LOT_028,RCP_01,TOOL_C,65.00424574721454,100.91867782438844,495.3358021304405,2.3425900459384525,7.902326036454497,0
2026-08-03 09:11:31,WAFER_00692,LOT_028,RCP_03,TOOL_A,65.87609900325629,100.75974307824949,501.45049846092166,1.9968605310955123,7.7134139271648525,0
2026-08-03 09:11:32,WAFER_00693,LOT_028,RCP_01,TOOL_A,65.53862144952076,101.22838010405805,500.4230917063362,2.11399563922145,8.285581350043445,0
2026-08-03 09:11:33,WAFER_00694,LOT_028,RCP_01,TOOL_C,64.83510285496367,101.4561690214314,501.3953901919508,2.0860613666867502,8.372648773918037,0
2026-08-03 09:11:34,WAFER_00695,LOT_028,RCP_03,TOOL_C,65.4664053035478,100.676520848091,501.7448637890298,1.8545883915276984,7.89597669336187,0
2026-08-03 09:11:35,WAFER_00696,LOT_028,RCP_02,TOOL_B,65.14429510724698,101.36773903848186,496.54541809765374,1.932743748737084,8.095070258013095,0
2026-08-03 09:11:36,WAFER_00697,LOT_028,RCP_02,TOOL_B,65.26586063373384,101.390068762062,496.3905457376455,1.9561106378645552,7.849000118635168,0
2026-08-03 09:11:37,WAFER_00698,LOT_028,RCP_02,TOOL_A,64.93612330783459,101.1178509545938,502.6452303961715,2.113999078676228,7.763885012822628,0
2026-08-03 09:11:38,WAFER_00699,LOT_028,RCP_02,TOOL_C,64.942359082367,100.77030302051372,497.6714249409117,2.376258071233941,8.040884364078861,0
2026-08-03 09:11:39,WAFER_00700,LOT_028,RCP_01,TOOL_B,65.6623195182821,100.92783635840807,489.82445057958097,2.189094491172913,8.269980957256045,0
2026-08-03 09:11:40,WAFER_00701,LOT_029,RCP_01,TOOL_A,65.58056993717258,101.68985421000049,502.4003946021703,1.9239707960653067,7.469315439558556,0
2026-08-03 09:11:41,WAFER_00702,LOT_029,RCP_01,TOOL_B,65.22915707524932,100.72573537913155,496.16583323414557,1.8457621183877257,7.773866339901337,0
2026-08-03 09:11:42,WAFER_00703,LOT_029,RCP_01,TOOL_C,65.82517235361101,101.70449877511129,501.72840274824944,1.8430033757348507,8.382434226796034,0
2026-08-03 09:11:43,WAFER_00704,LOT_029,RCP_03,TOOL_C,65.26450603413133,101.23722431953043,505.1534408424728,2.181619306902816,8.776158028603943,0
2026-08-03 09:11:44,WAFER_00705,LOT_029,RCP_01,TOOL_A,65.7790272553421,101.26358289013571,500.0620210918692,1.6894993286257365,8.149541713014585,0
2026-08-03 09:11:45,WAFER_00706,LOT_029,RCP_02,TOOL_A,65.26040741289707,100.45092667194294,503.6843335771551,1.8423020026864942,7.771573353806144,0
2026-08-03 09:11:46,WAFER_00707,LOT_029,RCP_03,TOOL_C,67.02009253866301,101.24424768055114,500.5690514179839,2.130902637261931,8.76292543260884,1
2026-08-03 09:11:47,WAFER_00708,LOT_029,RCP_03,TOOL_C,64.87760867514442,101.53316249608432,505.87348851412224,2.214346717770027,7.984116682079657,0
2026-08-03 09:11:48,WAFER_00709,LOT_029,RCP_02,TOOL_B,64.66911427893568,100.59216416661624,496.0702036975987,1.7805338580922978,8.071640764645892,0
2026-08-03 09:11:49,WAFER_00710,LOT_029,RCP_02,TOOL_B,65.20102295753627,101.2894816295557,499.969604572459,1.987004038146517,8.131701854353098,0
2026-08-03 09:11:50,WAFER_00711,LOT_029,RCP_03,TOOL_B,65.64067234542992,101.33382465639802,502.49069793865345,1.2553691374249885,7.762098792535881,0
2026-08-03 09:11:51,WAFER_00712,LOT_029,RCP_02,TOOL_A,65.93606671240401,100.85537286674372,499.29547649906283,1.8379987150315689,8.188350124009828,0
2026-08-03 09:11:52,WAFER_00713,LOT_029,RCP_03,TOOL_A,65.12918015201623,101.6247757728667,504.26321028761487,2.0404979558305123,7.861249665185941,0
2026-08-03 09:11:53,WAFER_00714,LOT_029,RCP_03,TOOL_A,65.88436088897306,100.46314242778814,498.4014537038101,2.1740097016912427,8.18768845542985,0
2026-08-03 09:11:54,WAFER_00715,LOT_029,RCP_03,TOOL_A,66.00798224224737,101.4317386845226,507.65667326102687,1.9463922676770127,7.503309217001724,0
2026-08-03 09:11:55,WAFER_00716,LOT_029,RCP_01,TOOL_C,65.33823095946592,101.91538536006784,507.8521307658073,2.4569766045165076,8.440443544361797,0
2026-08-03 09:11:56,WAFER_00717,LOT_029,RCP_02,TOOL_A,64.53872175587632,101.64717839285825,501.043666386041,1.8337871991517485,7.888731198372726,0
2026-08-03 09:11:57,WAFER_00718,LOT_029,RCP_01,TOOL_A,65.67572422652202,101.44812655380464,502.0446243673121,1.8005725151854126,8.310420021401312,0
2026-08-03 09:11:58,WAFER_00719,LOT_029,RCP_02,TOOL_B,65.5900759670314,100.98536130507027,504.40918431181115,1.9058831286455504,7.988125202961843,0
2026-08-03 09:11:59,WAFER_00720,LOT_029,RCP_03,TOOL_A,65.73780056949938,101.0583950285119,495.6073696238207,1.799361143421787,8.337291974104431,0
2026-08-03 09:12:00,WAFER_00721,LOT_029,RCP_02,TOOL_A,65.0980868898603,100.98488819831584,495.1455999460622,1.643528506396528,8.137055446558923,0
2026-08-03 09:12:01,WAFER_00722,LOT_029,RCP_02,TOOL_B,65.1085318448213,101.3066467542088,504.6487499812732,1.6969519511736202,7.965572716056998,0
2026-08-03 09:12:02,WAFER_00723,LOT_029,RCP_01,TOOL_A,64.9622068197251,100.99324735392543,501.0137573496301,1.5775694187847686,8.212670713595859,0
2026-08-03 09:12:03,WAFER_00724,LOT_029,RCP_03,TOOL_B,65.75757686444128,101.58782105085915,499.16193058987477,1.905675418973049,8.214395785422322,0
2026-08-03 09:12:04,WAFER_00725,LOT_029,RCP_01,TOOL_C,65.01494472941359,102.11060099684126,500.0411562206603,2.1222783625000954,8.477415701212628,0
2026-08-03 09:12:05,WAFER_00726,LOT_030,RCP_01,TOOL_A,64.59270801183074,101.27648437065159,491.1716465522529,1.7279427766483806,7.381078628851201,0
2026-08-03 09:12:06,WAFER_00727,LOT_030,RCP_01,TOOL_C,64.49667601048276,100.78912997475234,499.2949194365091,2.0066632486325418,8.084708667493613,0
2026-08-03 09:12:07,WAFER_00728,LOT_030,RCP_01,TOOL_C,64.6390225982469,100.78899699639976,497.21372706498505,2.2210112692399253,8.723708578556598,0
2026-08-03 09:12:08,WAFER_00729,LOT_030,RCP_02,TOOL_C,65.10662347642374,101.3950949096504,503.39686504437583,2.276089636122014,8.010894619032479,0
2026-08-03 09:12:09,WAFER_00730,LOT_030,RCP_02,TOOL_B,64.9870611985111,101.07729645199502,503.68161388002085,1.5738972006989635,8.238264510517768,0
2026-08-03 09:12:10,WAFER_00731,LOT_030,RCP_01,TOOL_B,65.1033650207786,101.63319574050433,502.1337168662807,1.5424630660448764,8.190742217330511,0
2026-08-03 09:12:11,WAFER_00732,LOT_030,RCP_01,TOOL_B,65.24039030410214,101.09721898531944,501.4631970005568,1.9909019911242032,7.804046862372852,0
2026-08-03 09:12:12,WAFER_00733,LOT_030,RCP_01,TOOL_B,64.6988859555599,101.61563694806513,494.459817029735,1.5249733523022808,7.461287460678484,0
2026-08-03 09:12:13,WAFER_00734,LOT_030,RCP_01,TOOL_A,65.70351688080576,101.2398463140891,502.18537939598843,1.909497366764497,7.84639359855406,0
2026-08-03 09:12:14,WAFER_00735,LOT_030,RCP_01,TOOL_C,64.87149880301722,101.0216484589769,502.3287723984365,2.4433818397508027,8.911064061780912,0
2026-08-03 09:12:15,WAFER_00736,LOT_030,RCP_02,TOOL_B,64.79195504730488,100.9476205780551,504.6072128189443,2.1238469606786268,7.766915131103474,1
2026-08-03 09:12:16,WAFER_00737,LOT_030,RCP_01,TOOL_B,65.23154539391957,100.84511934493916,507.8373763059917,1.9475745181264184,7.785550516958197,0
2026-08-03 09:12:17,WAFER_00738,LOT_030,RCP_01,TOOL_A,64.11847510285996,102.05595663226102,493.73752550778505,1.9417619030644242,7.730652749216347,0
2026-08-03 09:12:18,WAFER_00739,LOT_030,RCP_01,TOOL_A,64.620543464133,101.26337491084777,498.5626357452126,2.250381490039291,8.32799180866837,0
2026-08-03 09:12:19,WAFER_00740,LOT_030,RCP_02,TOOL_B,65.47091494337208,101.34491535369924,497.2536134425167,1.3331208674212458,7.934412757861221,0
2026-08-03 09:12:20,WAFER_00741,LOT_030,RCP_01,TOOL_B,64.16603747405019,101.0959897295091,500.6382765970248,1.707132864783873,7.831005318183733,0
2026-08-03 09:12:21,WAFER_00742,LOT_030,RCP_01,TOOL_A,65.53643561452792,100.90026742764766,500.04958687540676,1.9696983698153203,8.381637984642746,0
2026-08-03 09:12:22,WAFER_00743,LOT_030,RCP_03,TOOL_A,66.17534555185239,101.21112540585118,499.1338963296035,1.7325425984316087,8.156463403742595,1
2026-08-03 09:12:23,WAFER_00744,LOT_030,RCP_01,TOOL_A,64.8226614378446,101.7184531626841,503.80213613718433,2.047955661721407,7.75179163473823,0
2026-08-03 09:12:24,WAFER_00745,LOT_030,RCP_02,TOOL_B,65.14007012836463,100.90212191926865,495.9247674186311,1.7921291879379615,7.669632344013319,0
2026-08-03 09:12:25,WAFER_00746,LOT_030,RCP_02,TOOL_A,65.5371618007285,100.76919785036281,496.14785057064734,1.8263487720675196,8.312705890517593,0
2026-08-03 09:12:26,WAFER_00747,LOT_030,RCP_01,TOOL_C,64.77594118973911,101.35907641286028,496.21036649693724,2.0650650671508126,8.354532804210264,1
2026-08-03 09:12:27,WAFER_00748,LOT_030,RCP_02,TOOL_A,65.41653224985257,101.28962858827273,498.66678792652385,1.6954978082383878,7.581752714638849,0
2026-08-03 09:12:28,WAFER_00749,LOT_030,RCP_03,TOOL_A,65.12784857833728,101.92428230416421,495.45421620112614,1.6905780073704697,7.518558764538742,0
2026-08-03 09:12:29,WAFER_00750,LOT_030,RCP_03,TOOL_A,65.22075089920007,101.43442518178155,499.8202854914427,1.8542332593673554,7.698669546896065,0
2026-08-03 09:12:30,WAFER_00751,LOT_031,RCP_01,TOOL_B,64.61631849712401,101.54471721784186,499.3876862798658,1.6450870068354266,7.665339161212182,0
2026-08-03 09:12:31,WAFER_00752,LOT_031,RCP_01,TOOL_B,65.1644706556135,101.57332459002971,497.08989407820343,1.9906409766982576,7.447559217856612,0
2026-08-03 09:12:32,WAFER_00753,LOT_031,RCP_01,TOOL_B,65.55582514523147,100.8618541548656,503.23293514000795,1.9306451849205648,7.703133113604906,0
2026-08-03 09:12:33,WAFER_00754,LOT_031,RCP_02,TOOL_C,64.91162579258376,100.73393381322157,499.77984804533907,2.339883288193968,8.10184824835616,0
2026-08-03 09:12:34,WAFER_00755,LOT_031,RCP_02,TOOL_A,64.38980040324205,100.68811940994985,503.93179524691766,1.5742151288014004,7.875076052136166,0
2026-08-03 09:12:35,WAFER_00756,LOT_031,RCP_01,TOOL_B,64.48030072530233,100.79378461283717,499.2783155505436,1.4601046906427113,8.457085712184483,0
2026-08-03 09:12:36,WAFER_00757,LOT_031,RCP_01,TOOL_A,65.18940772225785,101.60227475245075,499.910478913544,1.7991628488736473,7.927952316533466,0
2026-08-03 09:12:37,WAFER_00758,LOT_031,RCP_03,TOOL_A,66.33517587842925,101.41021903483222,497.91770510267764,2.3797601227119043,7.954754793809062,0
2026-08-03 09:12:38,WAFER_00759,LOT_031,RCP_01,TOOL_B,65.18898799967091,101.33020850397475,499.9739278000187,2.053241755618914,8.137498948225714,0
2026-08-03 09:12:39,WAFER_00760,LOT_031,RCP_02,TOOL_A,64.8142896556874,100.11476772414713,502.6352558326886,1.6891107382986574,7.935924120812029,0
2026-08-03 09:12:40,WAFER_00761,LOT_031,RCP_02,TOOL_B,65.36776830408813,101.88108120627507,498.4780633405999,1.8849024268862682,8.108041300249411,0
2026-08-03 09:12:41,WAFER_00762,LOT_031,RCP_01,TOOL_B,64.88504065491836,100.96017663842164,501.91812426137824,1.9455173814887368,8.075766016776967,0
2026-08-03 09:12:42,WAFER_00763,LOT_031,RCP_01,TOOL_B,64.81842309566518,102.0796888472568,496.9928362441308,1.5263223518534277,8.033098912711795,0
2026-08-03 09:12:43,WAFER_00764,LOT_031,RCP_01,TOOL_B,64.53993962926627,100.7492882373525,502.8084870924322,2.073925173806921,8.746945842793119,0
2026-08-03 09:12:44,WAFER_00765,LOT_031,RCP_03,TOOL_B,66.12605544523825,100.99128755974851,497.85434843894586,1.7665151746358119,8.246003977891975,0
2026-08-03 09:12:45,WAFER_00766,LOT_031,RCP_01,TOOL_A,63.78118019960208,100.46291723464634,503.15121553094747,1.781863831078428,7.707935064129183,0
2026-08-03 09:12:46,WAFER_00767,LOT_031,RCP_01,TOOL_A,65.38297241613405,101.43760749085823,500.2256132070046,1.804756931886771,8.099959990271074,1
2026-08-03 09:12:47,WAFER_00768,LOT_031,RCP_01,TOOL_A,64.77740242985718,100.88152240809173,505.6275288135469,2.028908027861579,7.7862310622018756,0
2026-08-03 09:12:48,WAFER_00769,LOT_031,RCP_01,TOOL_B,64.80303644890323,100.89225994144262,495.7299494128594,1.6489635683597184,8.12048770629616,0
2026-08-03 09:12:49,WAFER_00770,LOT_031,RCP_02,TOOL_C,65.81231127493655,100.57844459747372,494.5381459387461,1.7786059990431096,7.978699397380767,0
2026-08-03 09:12:50,WAFER_00771,LOT_031,RCP_01,TOOL_A,64.65721707574397,101.59539492384039,497.7199961898904,1.864591058580009,7.7008995490173255,0
2026-08-03 09:12:51,WAFER_00772,LOT_031,RCP_02,TOOL_B,64.67356680606636,101.37035618759566,494.87693949227304,1.3912683827653742,8.092855041872335,0
2026-08-03 09:12:52,WAFER_00773,LOT_031,RCP_02,TOOL_B,64.93741076531863,101.78857287860993,494.8838808906154,1.739779280972892,8.269370660671466,0
2026-08-03 09:12:53,WAFER_00774,LOT_031,RCP_03,TOOL_C,65.64864674518988,101.03943148399227,502.29973781370154,2.3573748579717635,8.485713974163312,1
2026-08-03 09:12:54,WAFER_00775,LOT_031,RCP_01,TOOL_B,64.78790922449943,101.38315136099779,499.98453846437314,1.9158187807017477,8.23061168032451,0
2026-08-03 09:12:55,WAFER_00776,LOT_032,RCP_03,TOOL_B,64.69454771334277,100.81005262498725,498.22518038619427,2.008471213145055,8.100931010866239,0
2026-08-03 09:12:56,WAFER_00777,LOT_032,RCP_02,TOOL_B,64.58446487317676,100.97268517136057,498.5682383899699,1.9240702730405659,8.04657394673873,0
2026-08-03 09:12:57,WAFER_00778,LOT_032,RCP_01,TOOL_C,65.61504025110297,101.10283878095315,497.79022064199256,2.6020668977566817,8.214002815950222,1
2026-08-03 09:12:58,WAFER_00779,LOT_032,RCP_03,TOOL_A,65.48589285878505,101.47649098384825,506.10636592093044,1.682352074468637,8.219510488353535,0
2026-08-03 09:12:59,WAFER_00780,LOT_032,RCP_03,TOOL_C,65.66652189617784,101.68646828643891,497.27862888172075,2.1996263354016645,8.626717392863194,1
2026-08-03 09:13:00,WAFER_00781,LOT_032,RCP_01,TOOL_A,64.87451782055695,101.67660534251597,495.1081045770918,1.71237590575747,7.982958763340961,0
2026-08-03 09:13:01,WAFER_00782,LOT_032,RCP_03,TOOL_C,65.13344110583684,100.97973133655731,502.9453872846994,2.3113602539829743,8.318429968719762,0
2026-08-03 09:13:02,WAFER_00783,LOT_032,RCP_02,TOOL_A,65.8052333359402,101.47941780375673,499.20170419361307,1.7876850247899008,8.429679569165003,0
2026-08-03 09:13:03,WAFER_00784,LOT_032,RCP_02,TOOL_A,64.90966790861548,101.08324764789903,507.5434626486262,2.143768975888809,7.99448611944962,0
2026-08-03 09:13:04,WAFER_00785,LOT_032,RCP_03,TOOL_A,65.23718245782698,101.17665317955912,498.0530391364617,1.6938368089196048,8.020435184998812,0
2026-08-03 09:13:05,WAFER_00786,LOT_032,RCP_01,TOOL_A,65.52614833585056,101.0307656350088,503.1301414651001,2.081425305143397,8.130740995093282,0
2026-08-03 09:13:06,WAFER_00787,LOT_032,RCP_03,TOOL_A,65.10326702774366,101.08722439814261,504.0041301232174,1.9186279061087943,7.9735923108923785,0
2026-08-03 09:13:07,WAFER_00788,LOT_032,RCP_01,TOOL_A,64.71453087498848,101.96207926155456,498.0710574208526,1.7935077861826039,7.778508112859364,0
2026-08-03 09:13:08,WAFER_00789,LOT_032,RCP_03,TOOL_B,65.45491840832811,101.41681609126772,497.25119315873656,1.9084884675719849,8.10205070539135,0
2026-08-03 09:13:09,WAFER_00790,LOT_032,RCP_02,TOOL_A,65.00012964996233,101.16635250205046,502.74305616444434,1.8522528775058384,7.989536147293973,0
2026-08-03 09:13:10,WAFER_00791,LOT_032,RCP_01,TOOL_B,65.12461344699355,101.20034619375596,502.12710009628154,1.871190936050362,8.497407434248114,0
2026-08-03 09:13:11,WAFER_00792,LOT_032,RCP_02,TOOL_C,66.00400116290983,102.02947187234645,494.7807426273696,2.0786257853811216,8.56288110857894,1
2026-08-03 09:13:12,WAFER_00793,LOT_032,RCP_01,TOOL_B,65.16139915824914,101.79590398576164,495.8247881456725,1.6596822984890018,7.83921978266039,0
2026-08-03 09:13:13,WAFER_00794,LOT_032,RCP_01,TOOL_A,63.85853409787961,101.02599639637646,490.6152089816924,1.732985776007494,8.1968462591814,0
2026-08-03 09:13:14,WAFER_00795,LOT_032,RCP_01,TOOL_A,65.15662349284715,101.19602627921223,502.20293135972156,1.4633710044103556,8.083123775377365,0
2026-08-03 09:13:15,WAFER_00796,LOT_032,RCP_01,TOOL_C,65.018182397355,101.21858707351905,499.0312393853977,2.288389666506525,8.703545101525288,0
2026-08-03 09:13:16,WAFER_00797,LOT_032,RCP_01,TOOL_A,65.02085601168869,101.35543135174738,499.40004344239145,1.552967205564904,7.858397362536159,0
2026-08-03 09:13:17,WAFER_00798,LOT_032,RCP_01,TOOL_A,65.11805470851016,101.03353412280005,493.74165683850316,1.75647058895286,8.050942560057072,0
2026-08-03 09:13:18,WAFER_00799,LOT_032,RCP_02,TOOL_C,64.9862344219161,101.26675027887744,495.9370212935695,2.249609008296207,8.323244714745027,0
2026-08-03 09:13:19,WAFER_00800,LOT_032,RCP_02,TOOL_C,64.97474619533341,101.65179349017494,498.2315520235,2.2878793434199824,8.36578944422574,1
2026-08-03 09:13:20,WAFER_00801,LOT_033,RCP_02,TOOL_A,65.29426122068998,100.60082131857841,497.5123952794531,1.4450696126325524,7.760996283768933,0
2026-08-03 09:13:21,WAFER_00802,LOT_033,RCP_01,TOOL_B,64.73980121734664,100.87130423990502,500.43599347941523,1.7816303849549844,8.155496150336557,0
2026-08-03 09:13:22,WAFER_00803,LOT_033,RCP_03,TOOL_B,64.9951105588932,101.11639974898702,502.1588320685377,1.8919489398897644,8.112850354479365,0
2026-08-03 09:13:23,WAFER_00804,LOT_033,RCP_02,TOOL_B,66.45141509725875,100.93401768715901,508.39756650635525,1.8104032218524655,8.347010376568885,0
2026-08-03 09:13:24,WAFER_00805,LOT_033,RCP_01,TOOL_A,64.656388426985,102.05941703240345,499.92593698888555,2.068814991534709,7.9972930199635694,0
2026-08-03 09:13:25,WAFER_00806,LOT_033,RCP_01,TOOL_A,65.04806859798083,101.68064950360564,504.1269898534587,1.6356386200170796,7.888803332773003,0
2026-08-03 09:13:26,WAFER_00807,LOT_033,RCP_02,TOOL_B,64.28208307957982,101.45884249380494,496.9291007251748,1.3901917739619607,8.21310948204489,1
2026-08-03 09:13:27,WAFER_00808,LOT_033,RCP_01,TOOL_A,65.05590483922468,101.19954103646491,493.8026986345912,1.9620652033537043,7.785564816968085,0
2026-08-03 09:13:28,WAFER_00809,LOT_033,RCP_02,TOOL_B,64.55205173566912,100.99120090542101,498.69648390717254,1.6925827760763026,8.29294582447267,0
2026-08-03 09:13:29,WAFER_00810,LOT_033,RCP_03,TOOL_A,65.237612987432,100.74835194276915,494.0884296438653,1.4482918804828004,8.2923673393017,0
2026-08-03 09:13:30,WAFER_00811,LOT_033,RCP_01,TOOL_C,65.50163103957014,101.59706128665817,500.0542907185257,2.0882975218867053,8.68946530330629,0
2026-08-03 09:13:31,WAFER_00812,LOT_033,RCP_01,TOOL_C,65.22656459282148,101.48660074982733,497.1123197393179,2.3661115951863403,8.451688205863462,0
2026-08-03 09:13:32,WAFER_00813,LOT_033,RCP_03,TOOL_B,65.72283657179591,101.78867899857775,492.76919586900806,1.5473494764374605,7.868645976698603,1
2026-08-03 09:13:33,WAFER_00814,LOT_033,RCP_02,TOOL_B,64.14982167757191,101.01988470892465,506.4232930396827,2.2671991907894533,8.029480686102447,0
2026-08-03 09:13:34,WAFER_00815,LOT_033,RCP_01,TOOL_A,65.88170968151793,101.24612392444385,498.0110216615101,1.6324236810926678,8.102618601671386,0
2026-08-03 09:13:35,WAFER_00816,LOT_033,RCP_03,TOOL_B,64.8778969707479,101.36461730085304,493.9408085791065,1.81740217082515,7.8487617557992735,0
2026-08-03 09:13:36,WAFER_00817,LOT_033,RCP_03,TOOL_A,66.18370919086105,101.63892107869269,503.323235624877,1.5561735164304784,8.35994139800981,0
2026-08-03 09:13:37,WAFER_00818,LOT_033,RCP_02,TOOL_C,65.49034105567111,100.54131806360296,497.30412685860466,2.1283220697392027,8.506622725243506,1
2026-08-03 09:13:38,WAFER_00819,LOT_033,RCP_02,TOOL_C,65.27711971605665,101.37970133082058,504.03361432465545,2.0932504356482644,8.109099802063058,0
2026-08-03 09:13:39,WAFER_00820,LOT_033,RCP_01,TOOL_C,64.58960730516398,101.29221168637432,497.2864409616912,1.8221012195337827,8.858375892645759,0
2026-08-03 09:13:40,WAFER_00821,LOT_033,RCP_01,TOOL_C,65.07276312551338,100.8977178381776,497.99867854602763,2.685165393790182,8.376295104295947,1
2026-08-03 09:13:41,WAFER_00822,LOT_033,RCP_02,TOOL_C,64.77395772289047,100.30784981399145,501.2758773250651,2.020932566196261,8.054592178430504,0
2026-08-03 09:13:42,WAFER_00823,LOT_033,RCP_01,TOOL_A,65.01393899432254,101.24813998948622,502.1949117086052,1.7011074885387942,7.775831386858236,0
2026-08-03 09:13:43,WAFER_00824,LOT_033,RCP_02,TOOL_C,64.88006131563893,101.65013093364414,502.84338982816024,2.313807175870731,8.751701571234642,0
2026-08-03 09:13:44,WAFER_00825,LOT_033,RCP_03,TOOL_B,64.47146695684525,101.93638017336173,499.6679577867015,2.1628509766696937,8.492745927378541,0
2026-08-03 09:13:45,WAFER_00826,LOT_034,RCP_01,TOOL_A,65.5384563924726,101.43504296005463,501.955881869752,2.0252873736008605,8.272560964439847,0
2026-08-03 09:13:46,WAFER_00827,LOT_034,RCP_02,TOOL_B,64.9610685648563,101.84556215226004,502.7588258456167,1.5597639753946828,8.356213335118527,0
2026-08-03 09:13:47,WAFER_00828,LOT_034,RCP_01,TOOL_A,64.76729580823893,101.28368238847644,500.74210581269733,1.8427818018989326,8.328486173875625,0
2026-08-03 09:13:48,WAFER_00829,LOT_034,RCP_03,TOOL_A,65.18104292824171,101.66225534962426,499.4721649809221,1.4237255035230012,8.150367361246298,0
2026-08-03 09:13:49,WAFER_00830,LOT_034,RCP_01,TOOL_A,65.17206059665605,101.12853226221556,494.6524086915448,1.9803410162644712,8.08884128270895,0
2026-08-03 09:13:50,WAFER_00831,LOT_034,RCP_02,TOOL_A,64.57099695761865,100.90445244107202,502.216944380086,1.4729623722939076,8.145763062508685,0
2026-08-03 09:13:51,WAFER_00832,LOT_034,RCP_02,TOOL_B,63.91751573193246,100.84254653558536,500.1560426868223,1.6393597352781526,8.19872416964869,0
2026-08-03 09:13:52,WAFER_00833,LOT_034,RCP_01,TOOL_C,65.19542230553998,100.51699900009275,498.4696213463024,2.119359699193738,8.149768538237872,0
2026-08-03 09:13:53,WAFER_00834,LOT_034,RCP_02,TOOL_B,65.24916943901927,101.58909505877982,504.72773554528914,1.8890013122282026,8.19762885691427,0
2026-08-03 09:13:54,WAFER_00835,LOT_034,RCP_02,TOOL_B,64.90417672415474,100.85617967312754,494.71701555822074,1.7478130753209362,8.393826548770194,0
2026-08-03 09:13:55,WAFER_00836,LOT_034,RCP_02,TOOL_A,64.4490066199088,100.79545326369302,506.08293436685005,2.1038167353465766,7.944279444351162,0
2026-08-03 09:13:56,WAFER_00837,LOT_034,RCP_03,TOOL_B,65.49268905962685,100.85161076098719,499.91758886905245,1.944647916438456,7.915423097963115,0
2026-08-03 09:13:57,WAFER_00838,LOT_034,RCP_03,TOOL_A,64.74702446320948,101.22234341411621,501.1748172604607,1.9289449508128418,8.12866750349444,0
2026-08-03 09:13:58,WAFER_00839,LOT_034,RCP_02,TOOL_C,64.50692931358992,101.77012707801269,498.538336776238,1.8741198196030673,8.174592461389803,0
2026-08-03 09:13:59,WAFER_00840,LOT_034,RCP_02,TOOL_A,64.639664990478,101.89563596331263,493.8318302236637,2.1398735795090804,7.644458973510574,0
2026-08-03 09:14:00,WAFER_00841,LOT_034,RCP_01,TOOL_B,65.40509075402795,100.6688705871952,499.48344337567664,1.6393869711442977,8.309884140828398,0
2026-08-03 09:14:01,WAFER_00842,LOT_034,RCP_03,TOOL_B,65.27594674379029,101.16530976152902,501.2385561555033,2.147508486597419,7.878243159793673,0
2026-08-03 09:14:02,WAFER_00843,LOT_034,RCP_02,TOOL_B,64.7850241223473,100.70694404736439,502.5020341516896,2.2044390113851144,8.004981116254456,0
2026-08-03 09:14:03,WAFER_00844,LOT_034,RCP_02,TOOL_C,65.9382524073974,101.47556834166038,499.2672771657761,2.222531306472755,8.185266238927822,0
2026-08-03 09:14:04,WAFER_00845,LOT_034,RCP_01,TOOL_A,65.16918199865059,101.40890554797168,491.88760258754365,2.0064026195358844,8.34472380002651,0
2026-08-03 09:14:05,WAFER_00846,LOT_034,RCP_03,TOOL_C,65.61271736502792,101.05810365559566,494.29585302504427,1.5034160473886262,8.580357562736683,1
2026-08-03 09:14:06,WAFER_00847,LOT_034,RCP_01,TOOL_B,64.82254364229979,101.32757777062459,507.5924726079242,1.7609995169019246,7.9350003238885005,0
2026-08-03 09:14:07,WAFER_00848,LOT_034,RCP_02,TOOL_B,64.71374159953434,100.91858092386506,495.9576168600432,2.020433127983908,7.681427711514057,0
2026-08-03 09:14:08,WAFER_00849,LOT_034,RCP_01,TOOL_B,63.95052490879177,101.91341351586246,505.2800829954851,1.984902053662817,7.906328952688286,0
2026-08-03 09:14:09,WAFER_00850,LOT_034,RCP_03,TOOL_C,65.91499545532331,101.50784461570609,496.5438790715549,1.8760553323800246,8.503941228986422,0
2026-08-03 09:14:10,WAFER_00851,LOT_035,RCP_01,TOOL_C,65.21518865876307,101.55453289994824,499.32491313400686,2.0612555920264253,8.400931640101536,0
2026-08-03 09:14:11,WAFER_00852,LOT_035,RCP_01,TOOL_A,64.91400032325757,100.2865713583475,502.31327056051964,1.2927268989597707,8.029456472002037,0
2026-08-03 09:14:12,WAFER_00853,LOT_035,RCP_03,TOOL_C,65.3841311831186,101.27462030204505,496.96528054765076,2.2025985680345506,8.40715866505685,0
2026-08-03 09:14:13,WAFER_00854,LOT_035,RCP_03,TOOL_B,65.80334924588531,102.09162016444243,505.8911960023085,1.4233343197546353,8.204874982504503,0
2026-08-03 09:14:14,WAFER_00855,LOT_035,RCP_01,TOOL_B,64.25373916492167,101.80392904661393,500.2801949248531,2.0260955685575146,7.988698014902438,0
2026-08-03 09:14:15,WAFER_00856,LOT_035,RCP_02,TOOL_C,64.71685696085417,100.39810595735028,501.70514813130876,2.3565449721434817,8.471503631624065,0
2026-08-03 09:14:16,WAFER_00857,LOT_035,RCP_02,TOOL_A,64.45457462581159,100.98089818358022,499.00985407032925,1.7051266371187004,7.733531813908823,0
2026-08-03 09:14:17,WAFER_00858,LOT_035,RCP_03,TOOL_B,66.30032445559364,100.84342260295088,502.4372650619632,1.9042551860908177,8.689539709783338,0
2026-08-03 09:14:18,WAFER_00859,LOT_035,RCP_01,TOOL_A,65.42031465528959,101.95021859293789,505.8415331374445,1.7565802551878984,7.923357983784611,0
2026-08-03 09:14:19,WAFER_00860,LOT_035,RCP_02,TOOL_A,63.94270753225503,101.19282574726483,499.5142420307941,1.8483816790029732,8.054970112128673,0
2026-08-03 09:14:20,WAFER_00861,LOT_035,RCP_02,TOOL_C,64.2733944192128,100.80823768730205,506.39993732577216,1.8905481153513701,8.502945691692277,1
2026-08-03 09:14:21,WAFER_00862,LOT_035,RCP_02,TOOL_A,64.9364740767884,101.1129800185455,497.73709550899724,1.924498524647982,7.889086561651854,0
2026-08-03 09:14:22,WAFER_00863,LOT_035,RCP_03,TOOL_A,65.22322869820523,100.30920109895398,502.82715534560134,1.4717629539551167,8.002112694447355,0
2026-08-03 09:14:23,WAFER_00864,LOT_035,RCP_02,TOOL_A,64.36429654012309,100.6877147046865,501.80972304409926,1.4340139675341237,7.99883232415733,0
2026-08-03 09:14:24,WAFER_00865,LOT_035,RCP_01,TOOL_B,65.93348587407223,101.313848615814,496.0462463310752,1.7756143366666017,7.753209715005188,1
2026-08-03 09:14:25,WAFER_00866,LOT_035,RCP_03,TOOL_C,65.60001915871165,101.62135664001227,500.79109590715814,2.077751344077744,8.468419144895702,1
2026-08-03 09:14:26,WAFER_00867,LOT_035,RCP_03,TOOL_C,65.67791183497428,100.56230063417301,500.0272539700464,2.17446034611035,7.904710103670142,0
2026-08-03 09:14:27,WAFER_00868,LOT_035,RCP_03,TOOL_A,65.11783282436853,101.15516098307307,496.8431889477757,1.6700985019527343,8.473231279452486,0
2026-08-03 09:14:28,WAFER_00869,LOT_035,RCP_01,TOOL_B,65.34669159064543,101.68368058063714,501.32460900651824,2.177138333157118,8.214102138944167,0
2026-08-03 09:14:29,WAFER_00870,LOT_035,RCP_01,TOOL_B,64.81739227472863,100.74844773673816,500.54127132060154,1.8321209978758883,8.172563036566412,0
2026-08-03 09:14:30,WAFER_00871,LOT_035,RCP_02,TOOL_B,64.8639952766204,101.18708947721798,499.7314282949633,1.846576355703245,7.531106629643025,0
2026-08-03 09:14:31,WAFER_00872,LOT_035,RCP_01,TOOL_A,65.29328094071613,101.32507031118028,499.74626336448284,1.8394467754814092,7.786017258210885,0
2026-08-03 09:14:32,WAFER_00873,LOT_035,RCP_03,TOOL_A,64.66808116877105,101.9514645217355,499.66696204198263,2.0005819737896156,8.375123182617365,0
2026-08-03 09:14:33,WAFER_00874,LOT_035,RCP_01,TOOL_B,65.76657337272847,101.21254824661757,498.6395114013886,1.915203482896893,9.120835177200693,0
2026-08-03 09:14:34,WAFER_00875,LOT_035,RCP_02,TOOL_B,65.08754682306746,101.03479177261747,500.51738615155546,1.8884035799416559,8.322566965565398,0
2026-08-03 09:14:35,WAFER_00876,LOT_036,RCP_03,TOOL_B,66.0648532202146,101.62488470620258,497.617517414254,1.9471968209731183,8.279974720767758,0
2026-08-03 09:14:36,WAFER_00877,LOT_036,RCP_01,TOOL_B,64.48379851682297,100.79598750614124,509.830195118439,1.4350770725905617,8.14174304159083,0
2026-08-03 09:14:37,WAFER_00878,LOT_036,RCP_01,TOOL_C,64.55688074046647,101.21606438151068,494.7854669917783,1.7626304698828446,8.121175757158253,0
2026-08-03 09:14:38,WAFER_00879,LOT_036,RCP_02,TOOL_B,64.44228789363208,100.9268244958806,497.8364765142325,1.7847882509397113,8.268697002464089,0
2026-08-03 09:14:39,WAFER_00880,LOT_036,RCP_02,TOOL_A,65.12014288287912,101.04721351117206,498.1287542130653,1.7604652234636196,7.702674018983829,0
2026-08-03 09:14:40,WAFER_00881,LOT_036,RCP_02,TOOL_C,65.03167198492076,101.42239445060588,507.5498256330008,2.2359619688096415,8.02314200541224,0
2026-08-03 09:14:41,WAFER_00882,LOT_036,RCP_02,TOOL_C,64.77708232676903,101.31058136433121,495.1155017950833,2.124003380436701,8.006147082131609,0
2026-08-03 09:14:42,WAFER_00883,LOT_036,RCP_03,TOOL_A,64.96324678741507,101.0155007227591,501.5759125025486,1.9163729868908421,8.26344511455543,0
2026-08-03 09:14:43,WAFER_00884,LOT_036,RCP_02,TOOL_B,64.3920337905292,101.15194569726434,500.9190580406722,1.5508809460877429,7.984498205169574,0
2026-08-03 09:14:44,WAFER_00885,LOT_036,RCP_01,TOOL_A,64.97672772777409,101.8663678133582,501.2343285272958,1.797851085918261,8.027231686974183,0
2026-08-03 09:14:45,WAFER_00886,LOT_036,RCP_01,TOOL_B,64.77651834579747,100.98408103445702,504.57446970166046,1.5317886524084432,7.9958409369963155,0
2026-08-03 09:14:46,WAFER_00887,LOT_036,RCP_01,TOOL_A,64.67090864366803,101.35516337655086,504.49856863106424,1.8773715868742802,7.6960565338764795,0
2026-08-03 09:14:47,WAFER_00888,LOT_036,RCP_01,TOOL_B,65.74260295334317,101.22659894276332,498.33145974187556,1.424342991527336,7.818902655375301,0
2026-08-03 09:14:48,WAFER_00889,LOT_036,RCP_01,TOOL_A,64.96048367446748,101.27605809398202,500.71786456312776,1.869662019708176,7.832484924311568,0
2026-08-03 09:14:49,WAFER_00890,LOT_036,RCP_02,TOOL_B,65.60962060828493,100.48035010354522,493.1028224810371,1.5062001238205776,7.6205767092491525,0
2026-08-03 09:14:50,WAFER_00891,LOT_036,RCP_01,TOOL_C,64.74403895231231,101.83608988463864,500.36664413153113,2.043294441355641,8.213863274268904,0
2026-08-03 09:14:51,WAFER_00892,LOT_036,RCP_03,TOOL_A,65.56749261622336,101.00574627766248,497.0622391170219,1.9789855382898498,7.708047256773016,0
2026-08-03 09:14:52,WAFER_00893,LOT_036,RCP_01,TOOL_C,64.97337151219696,101.68990734865834,499.3103850239461,2.1654759977196836,8.505972419794087,0
2026-08-03 09:14:53,WAFER_00894,LOT_036,RCP_01,TOOL_C,64.18514129143131,101.06387688894195,493.7641241001782,1.7908679552551399,8.528462187271042,0
2026-08-03 09:14:54,WAFER_00895,LOT_036,RCP_03,TOOL_C,66.13560238700668,101.0623082322796,501.49802746086056,1.9855212310611954,8.00071743688723,0
2026-08-03 09:14:55,WAFER_00896,LOT_036,RCP_03,TOOL_A,65.38512626862445,101.76098683517688,493.7226958263702,1.4997242949046397,7.919909423653039,0
2026-08-03 09:14:56,WAFER_00897,LOT_036,RCP_01,TOOL_C,65.35828074542383,101.67767614932161,500.54865304512884,1.7810483000789614,8.85113616795551,0
2026-08-03 09:14:57,WAFER_00898,LOT_036,RCP_01,TOOL_A,64.63902621321846,101.37929304160632,495.46192930581657,1.8235326352267949,7.735194017626861,0
2026-08-03 09:14:58,WAFER_00899,LOT_036,RCP_01,TOOL_A,64.92087469684171,101.5892372089264,496.85632816999725,1.9120596687120206,8.115192210804668,0
2026-08-03 09:14:59,WAFER_00900,LOT_036,RCP_02,TOOL_C,64.5839108672368,100.99034994350257,504.2725087794171,2.208121184143138,8.378490922180779,0
2026-08-03 09:15:00,WAFER_00901,LOT_037,RCP_02,TOOL_B,65.59327927172643,101.09682030146682,502.1752963998804,1.9205253629759502,8.295079640617045,0
2026-08-03 09:15:01,WAFER_00902,LOT_037,RCP_01,TOOL_B,65.14947648677632,101.04858273086374,504.252051609381,1.7976178298228362,8.079776047166499,0
2026-08-03 09:15:02,WAFER_00903,LOT_037,RCP_01,TOOL_A,65.17618569280683,101.6435446807341,505.7709903902548,1.7453219562500064,7.883550220960587,0
2026-08-03 09:15:03,WAFER_00904,LOT_037,RCP_02,TOOL_C,65.6519283906104,100.8365029341564,497.1404967835829,1.9053861345875371,8.368026312797678,0
2026-08-03 09:15:04,WAFER_00905,LOT_037,RCP_03,TOOL_B,66.00504382251154,101.86435941107638,505.5461951510312,1.7119840656499004,8.02196988486751,0
2026-08-03 09:15:05,WAFER_00906,LOT_037,RCP_02,TOOL_B,65.36736441734541,100.97998301603846,494.57762907213805,1.5357303229347659,7.975242300783638,0
2026-08-03 09:15:06,WAFER_00907,LOT_037,RCP_02,TOOL_C,64.31757087342201,101.1077932543262,502.7605712378161,1.9509668945746161,7.993839907062515,0
2026-08-03 09:15:07,WAFER_00908,LOT_037,RCP_01,TOOL_A,64.66607402263199,101.58831664784864,498.1746504559801,1.8177853740876084,8.33563392405143,0
2026-08-03 09:15:08,WAFER_00909,LOT_037,RCP_01,TOOL_A,64.51813369471455,101.30906848005203,496.55788947223454,1.7764387824918155,8.287937068723368,0
2026-08-03 09:15:09,WAFER_00910,LOT_037,RCP_01,TOOL_B,65.34921617294039,101.18679484057158,502.2735385090264,2.4129456075789553,7.718068962745138,0
2026-08-03 09:15:10,WAFER_00911,LOT_037,RCP_03,TOOL_C,65.53191293204003,101.28859108983278,503.49632064312607,1.8508408804989986,8.268804079310387,0
2026-08-03 09:15:11,WAFER_00912,LOT_037,RCP_03,TOOL_A,64.78255403185732,101.63965097435188,503.3864930305922,1.7749802558336436,7.9392268692743615,0
2026-08-03 09:15:12,WAFER_00913,LOT_037,RCP_03,TOOL_A,65.35940277775461,101.04811615558805,500.79498158891073,1.515253577759255,7.687739923865113,0
2026-08-03 09:15:13,WAFER_00914,LOT_037,RCP_03,TOOL_A,64.73282607885498,101.25202993723616,500.48824201491817,1.7224428248060097,7.4959650077041875,0
2026-08-03 09:15:14,WAFER_00915,LOT_037,RCP_03,TOOL_C,65.42448488572651,101.30390895638824,501.94940636708964,2.050581363576963,8.16893998398367,1
2026-08-03 09:15:15,WAFER_00916,LOT_037,RCP_03,TOOL_A,64.65542119808616,101.62854237430051,501.1239270794136,1.9689760052466276,7.903771368132178,0
2026-08-03 09:15:16,WAFER_00917,LOT_037,RCP_01,TOOL_B,65.25383719682462,101.26205875792886,502.0030166064681,1.7100666921564158,7.610866999991715,0
2026-08-03 09:15:17,WAFER_00918,LOT_037,RCP_01,TOOL_C,65.18142206049636,101.9871536559076,500.75479800610964,2.0817360799887683,8.39778399630308,0
2026-08-03 09:15:18,WAFER_00919,LOT_037,RCP_01,TOOL_A,65.9158152768065,101.24051534046826,503.1183001506735,1.713936407505556,8.313971201895411,0
2026-08-03 09:15:19,WAFER_00920,LOT_037,RCP_02,TOOL_B,65.40697917895872,101.00968021740599,493.97933111576344,1.5197896511885582,8.227371359464623,0
2026-08-03 09:15:20,WAFER_00921,LOT_037,RCP_01,TOOL_B,64.7970011572052,101.23500779378526,499.51428814218036,1.6695795256413786,7.9657948736471464,0
2026-08-03 09:15:21,WAFER_00922,LOT_037,RCP_03,TOOL_C,65.84267364477175,100.79967625710995,494.87976797277133,2.0436126569832362,7.853088841939276,1
2026-08-03 09:15:22,WAFER_00923,LOT_037,RCP_02,TOOL_A,64.32912133714632,100.70604379823169,501.02379746513805,1.814765176681277,8.193239631977942,0
2026-08-03 09:15:23,WAFER_00924,LOT_037,RCP_02,TOOL_A,64.53801315023308,100.89834658189913,506.0751416506587,1.911789457444965,8.03952588564743,0
2026-08-03 09:15:24,WAFER_00925,LOT_037,RCP_01,TOOL_A,65.15990841539605,101.73161534256305,498.2458863067962,1.7530806980577942,8.114574799488866,0
2026-08-03 09:15:25,WAFER_00926,LOT_038,RCP_01,TOOL_B,63.964040161880995,101.28741209744243,500.4708325120997,1.7495647472037308,8.522747756081678,0
2026-08-03 09:15:26,WAFER_00927,LOT_038,RCP_01,TOOL_B,64.98216282323173,101.11583520794603,502.79900084521006,1.4558373683025894,7.777300860026724,0
2026-08-03 09:15:27,WAFER_00928,LOT_038,RCP_03,TOOL_A,64.96027361978317,101.76608320333051,492.3494251524639,1.9079469034512702,7.223799698057048,0
2026-08-03 09:15:28,WAFER_00929,LOT_038,RCP_02,TOOL_A,65.04862738647357,101.68944731049905,498.0681912160665,1.6608204225699918,7.715567263991366,0
2026-08-03 09:15:29,WAFER_00930,LOT_038,RCP_02,TOOL_C,64.48268654813731,101.57704533514494,501.3487079393095,2.269424647645955,8.481232168432312,0
2026-08-03 09:15:30,WAFER_00931,LOT_038,RCP_01,TOOL_A,65.2036391059785,100.97582580105063,489.2811195150681,2.0632879895708394,8.00726999347197,0
2026-08-03 09:15:31,WAFER_00932,LOT_038,RCP_01,TOOL_A,65.00927716336035,101.11180552432641,496.3858085756226,1.762416994661399,7.671778245008356,0
2026-08-03 09:15:32,WAFER_00933,LOT_038,RCP_02,TOOL_B,65.67217564010303,101.78921970671959,504.0731745015108,1.5953377438468217,7.616676306542364,0
2026-08-03 09:15:33,WAFER_00934,LOT_038,RCP_03,TOOL_A,65.45323257636878,101.39163308296,503.71108853166766,1.7966602773827405,7.904255565729303,0
2026-08-03 09:15:34,WAFER_00935,LOT_038,RCP_03,TOOL_A,65.0810514536185,101.19830171533948,501.38497744126937,1.8697403996037276,7.663554439131913,0
2026-08-03 09:15:35,WAFER_00936,LOT_038,RCP_01,TOOL_B,64.8814947892029,101.57297222530572,503.26413126778976,1.736895999750656,8.140571022928722,0
2026-08-03 09:15:36,WAFER_00937,LOT_038,RCP_03,TOOL_A,64.80476652943197,101.68277364559609,500.7958856673594,1.6871923181241353,7.888914740070907,0
2026-08-03 09:15:37,WAFER_00938,LOT_038,RCP_01,TOOL_B,65.19494588225861,101.08284916304726,502.0549611575366,1.9127064421394828,7.830678171230438,0
2026-08-03 09:15:38,WAFER_00939,LOT_038,RCP_03,TOOL_B,65.73312811823133,101.38338718427558,498.8320812772897,1.899515654938839,7.795265371210788,0
2026-08-03 09:15:39,WAFER_00940,LOT_038,RCP_01,TOOL_B,66.18521409761256,101.65209282630248,500.42850692681174,1.7307420719345685,8.07104313617676,0
2026-08-03 09:15:40,WAFER_00941,LOT_038,RCP_01,TOOL_A,64.70151872450988,100.85909088453525,497.66022957026144,1.469186766947862,8.01150449041521,0
2026-08-03 09:15:41,WAFER_00942,LOT_038,RCP_03,TOOL_C,65.32145860463592,101.30469127382193,504.6748883734746,2.2112756370758904,8.404528462862901,1
2026-08-03 09:15:42,WAFER_00943,LOT_038,RCP_01,TOOL_A,64.72363590826966,100.87653193184073,505.62976981515817,1.6465345613117246,8.04863494982757,0
2026-08-03 09:15:43,WAFER_00944,LOT_038,RCP_02,TOOL_B,65.10181457654299,100.72623941116781,505.1056773625792,1.8428682150740618,7.980507205118889,0
2026-08-03 09:15:44,WAFER_00945,LOT_038,RCP_02,TOOL_A,65.18321145655021,100.88602197055748,498.4899975817919,1.8302314463358074,7.721054742466316,0
2026-08-03 09:15:45,WAFER_00946,LOT_038,RCP_01,TOOL_B,64.97438007467431,101.4813054243942,496.47103605434916,1.422210514591467,7.802797365782559,0
2026-08-03 09:15:46,WAFER_00947,LOT_038,RCP_02,TOOL_A,65.52143644009905,100.9776314011175,504.7248025447756,1.8162163368823148,7.893437775612487,0
2026-08-03 09:15:47,WAFER_00948,LOT_038,RCP_03,TOOL_A,65.15384983819771,101.053601112512,502.0124566495882,1.9029065050748912,8.557602714283847,0
2026-08-03 09:15:48,WAFER_00949,LOT_038,RCP_03,TOOL_B,65.92336354298754,101.31959073406348,501.2157620636375,1.9274304830620974,7.635814193487461,0
2026-08-03 09:15:49,WAFER_00950,LOT_038,RCP_01,TOOL_A,65.25847896974771,100.86415416325876,497.65556128570296,1.8234731502192625,7.886876344104439,0
2026-08-03 09:15:50,WAFER_00951,LOT_039,RCP_02,TOOL_A,64.99422563844851,101.26294522277688,501.574956106756,1.404562791210082,8.026532106229832,0
2026-08-03 09:15:51,WAFER_00952,LOT_039,RCP_01,TOOL_B,64.84883041243657,101.72992696954415,495.9844711792508,2.0554162124373274,7.918100156616427,0
2026-08-03 09:15:52,WAFER_00953,LOT_039,RCP_01,TOOL_C,66.16480052419105,101.26990246442455,502.3460307174924,2.202204533508516,8.639971776188188,1
2026-08-03 09:15:53,WAFER_00954,LOT_039,RCP_01,TOOL_A,64.6078358476438,101.22299338254592,505.101880788543,1.5593361341259047,7.916705558764226,0
2026-08-03 09:15:54,WAFER_00955,LOT_039,RCP_03,TOOL_C,65.59300792494484,101.44190733422191,506.0348685124594,1.9624473919683454,8.286673822229336,0
2026-08-03 09:15:55,WAFER_00956,LOT_039,RCP_03,TOOL_B,65.08989484628378,100.52918162084401,502.6215390002063,1.8462448418589041,8.219949698676405,0
2026-08-03 09:15:56,WAFER_00957,LOT_039,RCP_03,TOOL_C,66.30709795933824,101.50399063350719,494.8865202664019,2.255956838659651,8.838892148987961,1
2026-08-03 09:15:57,WAFER_00958,LOT_039,RCP_02,TOOL_B,65.42567663782361,102.27871660542304,500.7301214845003,1.7024074287304596,8.38002456096605,0
2026-08-03 09:15:58,WAFER_00959,LOT_039,RCP_02,TOOL_B,64.67439205815626,101.0533830359764,507.91682245301354,1.965105081475815,7.963103451290531,0
2026-08-03 09:15:59,WAFER_00960,LOT_039,RCP_02,TOOL_B,65.24604559684698,101.05473248718779,496.78613711536354,1.4414466341799645,7.986631162832251,0
2026-08-03 09:16:00,WAFER_00961,LOT_039,RCP_02,TOOL_B,65.12369394621274,101.38257066003787,499.78102818023217,1.5915081977812426,8.012614196091736,0
2026-08-03 09:16:01,WAFER_00962,LOT_039,RCP_02,TOOL_C,64.75202011425212,101.72522641391522,505.23004010166363,1.7071271980315836,8.389689840284898,0
2026-08-03 09:16:02,WAFER_00963,LOT_039,RCP_01,TOOL_A,65.36391882426952,101.67048778088497,502.28339551167227,1.6205189714260615,7.77121600912609,0
2026-08-03 09:16:03,WAFER_00964,LOT_039,RCP_01,TOOL_A,65.18686658773012,100.48086938613825,509.1765784005949,2.101615436908819,8.252880325690969,0
2026-08-03 09:16:04,WAFER_00965,LOT_039,RCP_03,TOOL_A,65.55353538266526,101.51409155831185,497.2883832820542,2.2115604469170806,8.055784464485152,0
2026-08-03 09:16:05,WAFER_00966,LOT_039,RCP_02,TOOL_C,64.97987853860369,102.07733345519183,496.33790359275895,2.1669180936460886,8.337888829019866,0
2026-08-03 09:16:06,WAFER_00967,LOT_039,RCP_03,TOOL_A,65.65690615644783,101.5365275977686,504.52926411259017,1.672314158546289,7.65679074832905,0
2026-08-03 09:16:07,WAFER_00968,LOT_039,RCP_01,TOOL_B,65.11010607751638,100.86125127295674,495.57524907539533,1.7556720198298112,8.016817276292466,0
2026-08-03 09:16:08,WAFER_00969,LOT_039,RCP_02,TOOL_C,65.02836479985201,101.20709525727906,499.2719584413751,2.2146679781666045,7.838832678130382,0
2026-08-03 09:16:09,WAFER_00970,LOT_039,RCP_01,TOOL_C,64.69231236032597,100.81333884449039,499.7571077840196,1.8074038296721835,8.192954677111297,0
2026-08-03 09:16:10,WAFER_00971,LOT_039,RCP_01,TOOL_A,65.813007795566,101.76846540192216,503.8331610515279,1.685500164803759,7.847963619250616,1
2026-08-03 09:16:11,WAFER_00972,LOT_039,RCP_01,TOOL_B,64.4957984271927,100.93676461654938,502.2727914816934,2.0869786148900498,8.077488702133657,0
2026-08-03 09:16:12,WAFER_00973,LOT_039,RCP_01,TOOL_C,65.20526538506228,101.32821258118297,501.6911401824544,1.9108579861343276,8.85755950673523,0
2026-08-03 09:16:13,WAFER_00974,LOT_039,RCP_03,TOOL_A,65.29628444369531,100.97404359924309,498.51100575176383,1.6501950201476914,8.154415015729668,0
2026-08-03 09:16:14,WAFER_00975,LOT_039,RCP_01,TOOL_B,65.84458268933567,101.09234973813176,504.4955148706032,1.8026387311962881,8.391068559611616,0
2026-08-03 09:16:15,WAFER_00976,LOT_040,RCP_02,TOOL_A,64.56632838213255,101.66473724542698,514.8955489580909,1.856628451900942,8.174207286737966,0
2026-08-03 09:16:16,WAFER_00977,LOT_040,RCP_02,TOOL_B,64.64707363435504,101.1393137226596,502.55774376601477,1.6749991907601056,8.303764442215655,0
2026-08-03 09:16:17,WAFER_00978,LOT_040,RCP_02,TOOL_B,64.53448732963433,100.88750305998423,500.3687871679233,1.815392876650391,8.501424385294639,0
2026-08-03 09:16:18,WAFER_00979,LOT_040,RCP_02,TOOL_A,65.15526322445629,100.66481337106303,495.197907007329,1.921587906747888,7.802404055278391,0
2026-08-03 09:16:19,WAFER_00980,LOT_040,RCP_01,TOOL_A,64.34093568340705,100.58875343516821,497.6413186375265,2.1922903647527296,7.784781802784494,0
2026-08-03 09:16:20,WAFER_00981,LOT_040,RCP_03,TOOL_A,65.22030632251628,100.82451335926137,499.20927213439495,1.7747511241130438,8.180578943128877,0
2026-08-03 09:16:21,WAFER_00982,LOT_040,RCP_03,TOOL_A,64.41686440502994,101.34254451174886,498.0219791110116,1.7917405369318875,7.999006817403194,0
2026-08-03 09:16:22,WAFER_00983,LOT_040,RCP_02,TOOL_B,65.11540224998149,101.4724888321146,499.9405120122507,2.105490469195902,8.059495534857879,0
2026-08-03 09:16:23,WAFER_00984,LOT_040,RCP_02,TOOL_A,64.759896867797,100.88706643287956,506.57865948418697,1.690166828340381,7.932859939131013,0
2026-08-03 09:16:24,WAFER_00985,LOT_040,RCP_01,TOOL_A,64.28573276291272,101.89680656827322,504.61451759426615,1.5351293934475638,7.839010146403326,0
2026-08-03 09:16:25,WAFER_00986,LOT_040,RCP_03,TOOL_B,65.97109251342755,101.02734983955327,499.41231894906747,1.8500497951317925,8.437606460569256,0
2026-08-03 09:16:26,WAFER_00987,LOT_040,RCP_01,TOOL_B,64.37231988877522,101.20955554530565,495.52936420473634,2.015235005017583,7.703037499268623,0
2026-08-03 09:16:27,WAFER_00988,LOT_040,RCP_01,TOOL_B,65.38253297121355,100.88976084627184,504.9482602787389,1.8722094270399372,8.185325909995218,0
2026-08-03 09:16:28,WAFER_00989,LOT_040,RCP_01,TOOL_C,64.66350040448586,101.67648945913578,499.81849918819296,2.100596868490551,8.491541637147222,0
2026-08-03 09:16:29,WAFER_00990,LOT_040,RCP_03,TOOL_A,66.2187542613898,102.09705403333693,493.6119484252713,1.5103213253730323,7.573666409656034,0
2026-08-03 09:16:30,WAFER_00991,LOT_040,RCP_02,TOOL_C,65.35978425868456,100.43050955484424,502.63599143842424,2.1083261509463256,8.12568931090173,0
2026-08-03 09:16:31,WAFER_00992,LOT_040,RCP_03,TOOL_A,64.96613702198047,101.16845841391881,503.79504073166385,2.0466309852632674,7.821073548543536,0
2026-08-03 09:16:32,WAFER_00993,LOT_040,RCP_03,TOOL_B,65.00980037493906,101.78061634187901,491.0241389017417,1.5531765836921556,8.15243771059548,0
2026-08-03 09:16:33,WAFER_00994,LOT_040,RCP_01,TOOL_C,65.29065209850766,100.75016070185826,496.94914782410825,2.0710505652393456,8.250900521398751,0
2026-08-03 09:16:34,WAFER_00995,LOT_040,RCP_03,TOOL_C,65.32405849725912,101.51533988464901,499.59132015816147,2.042503053568328,8.326890752215082,0
2026-08-03 09:16:35,WAFER_00996,LOT_040,RCP_02,TOOL_B,64.91871559662974,101.56415943607887,502.7176903718419,1.660459085872451,7.606435213614123,0
2026-08-03 09:16:36,WAFER_00997,LOT_040,RCP_02,TOOL_B,65.6106746536506,101.12972694945559,498.09173763689057,1.8495846009038013,8.627996163513135,0
2026-08-03 09:16:37,WAFER_00998,LOT_040,RCP_01,TOOL_A,64.64062934078243,101.50909996695725,496.9210749626964,1.8886610482512016,8.019222817059664,0
2026-08-03 09:16:38,WAFER_00999,LOT_040,RCP_03,TOOL_B,65.49382101064423,101.9691429067285,502.6905262238171,1.8865653809586873,8.134730242270175,1
2026-08-03 09:16:39,WAFER_01000,LOT_040,RCP_01,TOOL_B,65.4582213409531,102.04040209055843,498.2672072187376,1.604638047276975,7.85403111808739,0
2026-08-03 09:16:40,WAFER_01001,LOT_041,RCP_01,TOOL_C,65.3883763944251,101.2764524590469,502.00560220703017,1.7908032611332636,8.17379062169168,0
2026-08-03 09:16:41,WAFER_01002,LOT_041,RCP_02,TOOL_B,64.92338591959007,100.89769641726629,495.88739207659404,1.8524776873061457,8.516424856837453,0
2026-08-03 09:16:42,WAFER_01003,LOT_041,RCP_01,TOOL_A,64.86132517719072,100.95040755779199,494.9963678288253,1.6988161917034696,7.48248516610821,0
2026-08-03 09:16:43,WAFER_01004,LOT_041,RCP_01,TOOL_B,64.16536857798995,101.6712463771629,502.7944958830105,2.167662475937357,8.07523470847631,0
2026-08-03 09:16:44,WAFER_01005,LOT_041,RCP_02,TOOL_A,64.4930024035207,100.57872528803942,500.9343236681737,2.176901939202989,7.672893949400869,1
2026-08-03 09:16:45,WAFER_01006,LOT_041,RCP_01,TOOL_A,65.15281242875587,101.20402186556333,503.41308621297395,2.198137958879208,7.890649688312808,0
2026-08-03 09:16:46,WAFER_01007,LOT_041,RCP_03,TOOL_A,65.38381654930772,101.3390221129627,498.0294058965907,1.6119778197930574,7.827714493728014,0
2026-08-03 09:16:47,WAFER_01008,LOT_041,RCP_01,TOOL_B,65.03596499771179,101.10885904516687,497.0581103808249,1.9138738173484187,7.733786025476803,0
2026-08-03 09:16:48,WAFER_01009,LOT_041,RCP_02,TOOL_A,65.49884173262434,101.20633170070727,505.0346598839014,1.974190503450297,8.009569267020709,0
2026-08-03 09:16:49,WAFER_01010,LOT_041,RCP_02,TOOL_A,64.43008490765011,102.07451506095124,494.36505257322045,1.9516708467088804,7.306632130227362,1
2026-08-03 09:16:50,WAFER_01011,LOT_041,RCP_02,TOOL_A,64.88663345492833,101.05379253566831,504.63040462396833,1.7291204111612284,7.914818109881952,0
2026-08-03 09:16:51,WAFER_01012,LOT_041,RCP_02,TOOL_C,65.09058126243738,100.93454586157759,504.88586741768484,2.375832980593065,8.325621706655507,0
2026-08-03 09:16:52,WAFER_01013,LOT_041,RCP_02,TOOL_B,64.66200322996423,101.4858260932651,503.1823312027845,1.8000949972733047,7.632995332470377,0
2026-08-03 09:16:53,WAFER_01014,LOT_041,RCP_03,TOOL_A,66.13710901468517,101.3910417847753,497.45511218706133,1.825621224987088,8.408569054791334,0
2026-08-03 09:16:54,WAFER_01015,LOT_041,RCP_01,TOOL_A,65.4361216647743,101.84694759306032,496.97886180411615,1.4924333096445714,7.839496238804725,0
2026-08-03 09:16:55,WAFER_01016,LOT_041,RCP_01,TOOL_B,65.1392639970026,101.36258129553148,499.2227936399067,1.9289529939145977,7.935879254534494,0
2026-08-03 09:16:56,WAFER_01017,LOT_041,RCP_02,TOOL_A,65.86123125407772,101.005599180971,495.2083531957238,1.747917657285518,7.84010082574303,0
2026-08-03 09:16:57,WAFER_01018,LOT_041,RCP_03,TOOL_B,64.73053026578714,100.62218454252407,496.4417322046117,1.8929557724201052,7.977977147483742,0
2026-08-03 09:16:58,WAFER_01019,LOT_041,RCP_01,TOOL_A,64.99629138506927,100.68450081635153,502.3855168785835,1.8470227399609236,8.353198905246634,0
2026-08-03 09:16:59,WAFER_01020,LOT_041,RCP_02,TOOL_C,65.17584174508835,100.4024344976377,502.4025917226294,2.156187315332754,9.017714267059338,0
2026-08-03 09:17:00,WAFER_01021,LOT_041,RCP_03,TOOL_A,65.01101357753892,101.444148883188,496.11657314182065,1.7908572855066631,8.201322584999177,0
2026-08-03 09:17:01,WAFER_01022,LOT_041,RCP_02,TOOL_B,65.14434298007251,100.58234519765035,502.50165116061027,1.9573199469320908,8.293758317082379,0
2026-08-03 09:17:02,WAFER_01023,LOT_041,RCP_03,TOOL_A,64.91884040298181,101.77711939904937,501.6809222312373,1.7602214926229869,8.463435419998811,0
2026-08-03 09:17:03,WAFER_01024,LOT_041,RCP_02,TOOL_C,65.33146751277164,101.11149369464526,505.58657914193526,1.8289605161094034,8.417195190726943,0
2026-08-03 09:17:04,WAFER_01025,LOT_041,RCP_02,TOOL_C,65.50776068870188,101.00720897074136,502.1058048349098,2.2337911212747867,8.773967735875205,0
2026-08-03 09:17:05,WAFER_01026,LOT_042,RCP_01,TOOL_B,65.1307200325416,100.97933507142235,503.9167498988172,1.6381988950176722,8.21394830574541,0
2026-08-03 09:17:06,WAFER_01027,LOT_042,RCP_03,TOOL_B,64.56065704876883,101.53645832434268,501.76518708644176,1.5351476314635721,8.038876587014125,0
2026-08-03 09:17:07,WAFER_01028,LOT_042,RCP_01,TOOL_A,64.5359391098403,100.99429082857388,503.6257377058796,1.5955513331714803,8.094592079301897,0
2026-08-03 09:17:08,WAFER_01029,LOT_042,RCP_02,TOOL_C,65.27106080154232,100.72555635845345,495.23766652069924,2.176666475871384,7.858217419890687,0
2026-08-03 09:17:09,WAFER_01030,LOT_042,RCP_02,TOOL_B,65.01017534888594,101.55157296983003,499.5495455086896,1.78069623938103,8.078872200320461,0
2026-08-03 09:17:10,WAFER_01031,LOT_042,RCP_02,TOOL_A,63.70687874350761,101.2347560410945,499.8557637575581,1.3734633940654306,7.5831881694795,0
2026-08-03 09:17:11,WAFER_01032,LOT_042,RCP_02,TOOL_B,65.59655858425675,101.01072681726565,499.0981251963395,1.723268811389466,7.561177329065001,0
2026-08-03 09:17:12,WAFER_01033,LOT_042,RCP_02,TOOL_B,65.06559512300184,101.3437445341988,501.6423805321719,2.033846244994953,8.052077246036811,0
2026-08-03 09:17:13,WAFER_01034,LOT_042,RCP_03,TOOL_C,65.05684416127998,101.30339411178207,502.3472047216343,2.029740865813324,8.049198779295985,0
2026-08-03 09:17:14,WAFER_01035,LOT_042,RCP_02,TOOL_B,65.477578686832,101.24554499717163,501.4513511851633,1.7669046893144815,7.998079287148088,0
2026-08-03 09:17:15,WAFER_01036,LOT_042,RCP_02,TOOL_B,64.67478079380469,100.78959779709731,499.34530763948106,2.0085982874654307,8.037377320224463,0
2026-08-03 09:17:16,WAFER_01037,LOT_042,RCP_01,TOOL_B,64.66954298354997,102.08675147138604,497.27779870457306,1.9590978516409072,8.049423392220627,0
2026-08-03 09:17:17,WAFER_01038,LOT_042,RCP_02,TOOL_A,65.17200927248673,100.87974441228303,504.0595884743781,2.0043502175303423,7.755887220098632,0
2026-08-03 09:17:18,WAFER_01039,LOT_042,RCP_02,TOOL_A,65.8548984604363,101.69128620424098,501.29401142147117,1.2454892779892595,8.242644243269924,0
2026-08-03 09:17:19,WAFER_01040,LOT_042,RCP_01,TOOL_A,65.77932184542699,101.2282298372643,496.2311287239222,2.146704607688422,7.975906486154159,0
2026-08-03 09:17:20,WAFER_01041,LOT_042,RCP_01,TOOL_B,65.17266151947398,101.60669690394889,499.2833560958964,1.927280087085586,8.119090433646214,0
2026-08-03 09:17:21,WAFER_01042,LOT_042,RCP_02,TOOL_A,65.22194511624815,101.37900492962993,493.54979119248276,2.29229528280483,7.676961304234311,0
2026-08-03 09:17:22,WAFER_01043,LOT_042,RCP_02,TOOL_A,65.37991948740071,101.53580366695701,500.1308712730855,1.6435347938451432,7.951851559665084,0
2026-08-03 09:17:23,WAFER_01044,LOT_042,RCP_02,TOOL_A,64.39664783582272,100.78056299127762,499.2659942123852,1.447309878870218,8.296269510482933,0
2026-08-03 09:17:24,WAFER_01045,LOT_042,RCP_01,TOOL_A,65.30919120183295,101.70874145248597,497.87447228368524,1.8014436913450353,8.26194796058835,0
2026-08-03 09:17:25,WAFER_01046,LOT_042,RCP_01,TOOL_B,64.64764473529111,102.00164714334635,505.86302070227305,1.7449255340485679,7.7847309756104135,0
2026-08-03 09:17:26,WAFER_01047,LOT_042,RCP_01,TOOL_A,65.15286947206236,101.20169666788809,495.7222297576942,1.9307327967229644,7.852699288544792,0
2026-08-03 09:17:27,WAFER_01048,LOT_042,RCP_03,TOOL_A,65.34081553874849,101.313188305514,502.6136539212246,2.014985668917271,7.733054582882769,0
2026-08-03 09:17:28,WAFER_01049,LOT_042,RCP_03,TOOL_B,65.69057999701482,101.10109027585754,508.0908201954479,1.7825411710241006,7.822768512069562,0
2026-08-03 09:17:29,WAFER_01050,LOT_042,RCP_01,TOOL_A,65.0566896632031,101.16835422416966,503.9858912437517,1.751858390837455,7.6222517640092375,0
2026-08-03 09:17:30,WAFER_01051,LOT_043,RCP_02,TOOL_A,63.524945470005775,101.75034066359434,499.8833065062383,1.9045439639032256,7.962692514449712,0
2026-08-03 09:17:31,WAFER_01052,LOT_043,RCP_01,TOOL_A,65.08586802161848,100.91839088007052,495.8039460341337,1.7487342668615005,8.170947367509369,0
2026-08-03 09:17:32,WAFER_01053,LOT_043,RCP_01,TOOL_C,65.30823341710365,100.9419948476967,494.9603699466375,2.0520035798206426,8.138035726773708,0
2026-08-03 09:17:33,WAFER_01054,LOT_043,RCP_01,TOOL_A,65.21404560720246,101.91214235583746,498.47725872865715,2.007426987735057,7.975536303681483,0
2026-08-03 09:17:34,WAFER_01055,LOT_043,RCP_01,TOOL_B,64.95075874581988,101.53732840183757,497.45809728451854,2.0519555713807147,7.940465429939533,0
2026-08-03 09:17:35,WAFER_01056,LOT_043,RCP_02,TOOL_C,65.7882376121266,101.90574069463615,497.3376764368549,2.3367932487726186,8.634882057531518,0
2026-08-03 09:17:36,WAFER_01057,LOT_043,RCP_03,TOOL_B,65.5994591019784,101.12883331762617,498.7926402147564,1.766354057454895,7.834870204062806,0
2026-08-03 09:17:37,WAFER_01058,LOT_043,RCP_01,TOOL_A,65.2100831840927,101.34798683215027,499.62168575632296,1.3720422024493635,7.84469165093427,0
2026-08-03 09:17:38,WAFER_01059,LOT_043,RCP_02,TOOL_B,65.50135610914427,100.84894276136671,501.7952842062876,1.7703587827214304,7.771574295361062,0
2026-08-03 09:17:39,WAFER_01060,LOT_043,RCP_02,TOOL_B,65.17404463985437,101.15445444408611,495.420153987989,1.6484039974645903,7.6928724295788085,0
2026-08-03 09:17:40,WAFER_01061,LOT_043,RCP_03,TOOL_A,65.01895147836119,100.62584325503197,497.4756979543077,1.7740549961978824,8.142879947690682,0
2026-08-03 09:17:41,WAFER_01062,LOT_043,RCP_02,TOOL_B,63.82959804138578,101.3602827315289,499.40921329355683,1.6657818214564784,7.963520084990771,0
2026-08-03 09:17:42,WAFER_01063,LOT_043,RCP_01,TOOL_A,64.77098196703132,101.42292015172708,499.2767047843339,1.7958520289068796,8.014798662152291,0
2026-08-03 09:17:43,WAFER_01064,LOT_043,RCP_02,TOOL_A,65.36525385242294,101.07812922826295,506.7947677174297,1.5921448741536872,8.344153112172757,0
2026-08-03 09:17:44,WAFER_01065,LOT_043,RCP_01,TOOL_A,64.83051376091946,101.15166155665213,500.85931239307826,1.5438565126563244,8.359661796000525,0
2026-08-03 09:17:45,WAFER_01066,LOT_043,RCP_03,TOOL_A,65.83456561869524,100.95999348480012,494.02971769575015,2.0445382965141783,7.555516736884603,0
2026-08-03 09:17:46,WAFER_01067,LOT_043,RCP_01,TOOL_A,65.07138952444173,101.57653090657244,501.54727103787104,1.6060684773264693,8.174915361735803,0
2026-08-03 09:17:47,WAFER_01068,LOT_043,RCP_02,TOOL_B,65.61827171372585,100.6549858054327,502.01895577415274,1.8000663250512707,8.060924669942022,0
2026-08-03 09:17:48,WAFER_01069,LOT_043,RCP_01,TOOL_C,64.85829598058208,101.4945204465787,499.53702629549446,2.310902969320567,8.225370430230598,0
2026-08-03 09:17:49,WAFER_01070,LOT_043,RCP_02,TOOL_A,65.2244551167525,101.88829153002759,495.51043230468593,1.9828608252459146,8.088474595497544,0
2026-08-03 09:17:50,WAFER_01071,LOT_043,RCP_03,TOOL_B,65.69282483097697,101.86449816568484,506.5048023726598,1.9589696409830704,7.5338765264903875,0
2026-08-03 09:17:51,WAFER_01072,LOT_043,RCP_02,TOOL_B,65.72076889886297,100.52805138178515,496.04142951974933,1.860573302900307,8.394913432549627,0
2026-08-03 09:17:52,WAFER_01073,LOT_043,RCP_02,TOOL_A,64.18081409295955,100.89603953706954,502.44485716373896,1.94480066170737,8.139034906209416,0
2026-08-03 09:17:53,WAFER_01074,LOT_043,RCP_03,TOOL_A,65.22996402821448,101.46015128141103,500.74018695753654,2.074617626521231,7.766396608895182,0
2026-08-03 09:17:54,WAFER_01075,LOT_043,RCP_03,TOOL_A,65.85728773058648,101.27329286963455,502.22299903141015,1.8850045187990747,7.8419392401087284,0
2026-08-03 09:17:55,WAFER_01076,LOT_044,RCP_01,TOOL_A,65.74203031029376,100.76822582705267,506.3153743194191,1.4325595306371632,7.540150451602191,1
2026-08-03 09:17:56,WAFER_01077,LOT_044,RCP_02,TOOL_A,65.1152343260682,101.24642006155992,502.07806382692183,1.6942933587699807,7.915231542544212,0
2026-08-03 09:17:57,WAFER_01078,LOT_044,RCP_02,TOOL_A,64.85950200107769,101.09619357985581,497.9329423599389,1.9392740143444176,7.869662366145042,0
2026-08-03 09:17:58,WAFER_01079,LOT_044,RCP_02,TOOL_B,65.36341681696373,101.82744365526943,504.0921714179735,1.6745808132581192,7.642220195476585,0
2026-08-03 09:17:59,WAFER_01080,LOT_044,RCP_01,TOOL_A,65.41697728411121,101.20377309300537,497.66493203483674,2.124021227891729,8.20970960310164,0
2026-08-03 09:18:00,WAFER_01081,LOT_044,RCP_01,TOOL_A,64.8273623942397,101.7438412864241,500.6051646421625,1.7873640343667136,8.344735241217508,0
2026-08-03 09:18:01,WAFER_01082,LOT_044,RCP_03,TOOL_A,65.60854750984522,100.81850640681061,495.2155906503416,1.8170497542718873,7.992612667687991,1
2026-08-03 09:18:02,WAFER_01083,LOT_044,RCP_03,TOOL_B,66.01665308595774,100.90935646679932,496.17685945885404,2.0249488397803472,7.917475341631481,1
2026-08-03 09:18:03,WAFER_01084,LOT_044,RCP_03,TOOL_A,66.35742031677174,101.57423154472761,500.1901306806139,1.7634300205381415,8.117445842575584,0
2026-08-03 09:18:04,WAFER_01085,LOT_044,RCP_03,TOOL_B,65.80645038043295,101.7118176966308,501.3619208217492,1.8352554071456373,7.994697480126338,0
2026-08-03 09:18:05,WAFER_01086,LOT_044,RCP_02,TOOL_A,65.02118667039949,100.73619076409173,493.7011546960432,1.9798246967998225,7.707811611617579,0
2026-08-03 09:18:06,WAFER_01087,LOT_044,RCP_03,TOOL_A,65.42404391550181,101.30914941446389,501.83996326160246,1.5055458768332628,7.823776943621439,0
2026-08-03 09:18:07,WAFER_01088,LOT_044,RCP_03,TOOL_C,65.71755034745294,100.77499991405895,496.9681127865863,2.06294036752249,8.269962278178031,0
2026-08-03 09:18:08,WAFER_01089,LOT_044,RCP_02,TOOL_A,64.94447703560986,101.03113646600391,504.7348456579833,1.965830659075824,8.067010380508709,0
2026-08-03 09:18:09,WAFER_01090,LOT_044,RCP_02,TOOL_A,65.09102743953075,101.41803065853716,498.69773161334933,1.8131200296685188,8.002520913826647,0
2026-08-03 09:18:10,WAFER_01091,LOT_044,RCP_01,TOOL_A,64.49221939302518,101.13471577032826,495.8425976026651,2.093466762415496,8.056799732596522,0
2026-08-03 09:18:11,WAFER_01092,LOT_044,RCP_02,TOOL_C,65.62258745431576,101.00536681174135,500.2804768644492,1.8048153283626165,7.938296444513341,0
2026-08-03 09:18:12,WAFER_01093,LOT_044,RCP_01,TOOL_B,64.45271133096864,100.8706777486475,496.6099304960087,1.4619996464107734,8.17960879090293,0
2026-08-03 09:18:13,WAFER_01094,LOT_044,RCP_01,TOOL_B,64.79258635498256,101.05362380282253,504.69509702330254,1.9539373033245435,8.000922288682299,0
2026-08-03 09:18:14,WAFER_01095,LOT_044,RCP_02,TOOL_C,65.04684476520887,101.76808214816144,500.00196176787244,2.293161442986555,9.03923144462054,1
2026-08-03 09:18:15,WAFER_01096,LOT_044,RCP_02,TOOL_A,65.95567370234654,101.1277114588525,499.4387964945548,1.7613499986336334,7.895338720052369,0
2026-08-03 09:18:16,WAFER_01097,LOT_044,RCP_01,TOOL_C,64.79711216727088,100.91912304867277,502.1896637700447,2.2000788800091446,8.43733379367953,0
2026-08-03 09:18:17,WAFER_01098,LOT_044,RCP_03,TOOL_A,65.13031240929901,101.18038665903116,496.2816944749589,1.9490413955262813,8.763889173796295,0
2026-08-03 09:18:18,WAFER_01099,LOT_044,RCP_03,TOOL_B,65.18560787967978,100.6929775039567,495.2301314752845,1.6372273588296506,8.052404739965858,0
2026-08-03 09:18:19,WAFER_01100,LOT_044,RCP_01,TOOL_A,65.79627064045343,100.91461931698672,501.51090084393405,1.6586303249901402,7.981739754395475,0
2026-08-03 09:18:20,WAFER_01101,LOT_045,RCP_01,TOOL_A,63.65007344311711,101.81692910083765,495.9312183803674,1.8379452358397275,7.733531088417324,0
2026-08-03 09:18:21,WAFER_01102,LOT_045,RCP_01,TOOL_C,64.51868575416867,101.24585667873309,495.929962431127,2.300817791978744,8.762631919146425,1
2026-08-03 09:18:22,WAFER_01103,LOT_045,RCP_03,TOOL_A,66.7610185803966,102.01847746691845,503.0959973155173,1.566808614728403,7.687042571732326,0
2026-08-03 09:18:23,WAFER_01104,LOT_045,RCP_03,TOOL_C,65.73362339527598,101.2637678213715,501.9427372069406,2.080410473612996,8.465322647548993,0
2026-08-03 09:18:24,WAFER_01105,LOT_045,RCP_01,TOOL_A,64.46912722431718,101.28632809544723,495.36083069292425,1.7511526736591123,7.872140063246737,0
2026-08-03 09:18:25,WAFER_01106,LOT_045,RCP_03,TOOL_B,65.42987936855612,101.54353978024601,497.70919664111705,1.883591821008553,7.948879209103934,0
2026-08-03 09:18:26,WAFER_01107,LOT_045,RCP_01,TOOL_C,65.03237819171257,100.28441671875663,496.6561932429986,2.118260325998233,7.965538287475284,0
2026-08-03 09:18:27,WAFER_01108,LOT_045,RCP_01,TOOL_A,65.40614011803468,101.37787694298835,506.5723814027501,1.690823283239428,8.362644349868152,0
2026-08-03 09:18:28,WAFER_01109,LOT_045,RCP_03,TOOL_C,66.33296096135483,101.28138513453683,503.35223858201124,2.369713156151481,8.274994727402065,0
2026-08-03 09:18:29,WAFER_01110,LOT_045,RCP_01,TOOL_B,65.18650480701402,101.86469477953575,498.4428740697805,1.6921485036758361,7.671925792098881,0
2026-08-03 09:18:30,WAFER_01111,LOT_045,RCP_01,TOOL_B,64.74090161455378,101.66657816978217,502.1319203505709,1.7415807273957093,8.338226461200824,0
2026-08-03 09:18:31,WAFER_01112,LOT_045,RCP_02,TOOL_A,65.37780053220713,100.66919715949221,494.9821111120559,1.4817004728160752,7.863883060479928,0
2026-08-03 09:18:32,WAFER_01113,LOT_045,RCP_02,TOOL_B,64.66483870550583,101.57201267507847,497.5112092405989,1.657274824630821,8.090343968767295,1
2026-08-03 09:18:33,WAFER_01114,LOT_045,RCP_03,TOOL_B,64.95399800192527,101.20032048027922,500.387994083985,1.9032152152678101,8.227182423176279,0
2026-08-03 09:18:34,WAFER_01115,LOT_045,RCP_03,TOOL_B,64.60524374146091,100.9563077740075,501.6732537718399,1.864120391270972,8.127989269255066,0
2026-08-03 09:18:35,WAFER_01116,LOT_045,RCP_01,TOOL_A,64.24873837063981,101.37489923533106,499.63940123560025,1.9199033980131524,7.406908401365261,0
2026-08-03 09:18:36,WAFER_01117,LOT_045,RCP_01,TOOL_A,64.56970632506035,101.22294764484775,500.91764998964265,1.9101964571891341,8.187746309264002,0
2026-08-03 09:18:37,WAFER_01118,LOT_045,RCP_03,TOOL_C,64.88466091150359,101.88461681933083,500.28984490182654,2.537542807259031,8.322834284080415,0
2026-08-03 09:18:38,WAFER_01119,LOT_045,RCP_01,TOOL_A,65.15035353313986,101.42943637082665,499.3947636125174,1.650428234510618,7.9111622518631,0
2026-08-03 09:18:39,WAFER_01120,LOT_045,RCP_03,TOOL_B,64.87428712360446,101.37815038993668,498.9042613088937,1.4761152513130424,7.97054976377669,0
2026-08-03 09:18:40,WAFER_01121,LOT_045,RCP_02,TOOL_C,63.491040175028125,101.44224589148506,498.4228199710922,1.9098894007856952,7.915291145635908,0
2026-08-03 09:18:41,WAFER_01122,LOT_045,RCP_01,TOOL_A,64.49892234819706,101.71529121487522,500.85816878192577,1.6592696328336818,8.051886146958687,0
2026-08-03 09:18:42,WAFER_01123,LOT_045,RCP_03,TOOL_A,65.22350736909372,101.59776993583297,501.520017680038,1.605134612676618,7.631614329098486,0
2026-08-03 09:18:43,WAFER_01124,LOT_045,RCP_01,TOOL_B,64.70938424582145,101.83939611966969,500.7339289190797,1.8187321695289709,7.92282327841971,0
2026-08-03 09:18:44,WAFER_01125,LOT_045,RCP_02,TOOL_A,65.7293718460684,101.33129931690723,495.6391909149961,2.0505309811114043,8.042191396515317,0
2026-08-03 09:18:45,WAFER_01126,LOT_046,RCP_02,TOOL_B,64.70549957154121,101.16370755659614,496.3039669507702,2.107931814593983,8.289990013756656,0
2026-08-03 09:18:46,WAFER_01127,LOT_046,RCP_02,TOOL_B,65.42284326233562,101.57088538359345,501.47586268200786,1.900861700369321,7.778704446837877,0
2026-08-03 09:18:47,WAFER_01128,LOT_046,RCP_02,TOOL_B,64.99088835215319,101.06545946676879,505.44519121248226,2.228254443090803,8.391928590398416,0
2026-08-03 09:18:48,WAFER_01129,LOT_046,RCP_02,TOOL_A,64.97969373167716,101.11263367621096,500.56393720776737,1.7287253886867162,8.25565037844909,0
2026-08-03 09:18:49,WAFER_01130,LOT_046,RCP_03,TOOL_B,65.04901746135295,101.95419922857282,498.47682687383514,1.4734961915995148,7.884059369527555,0
2026-08-03 09:18:50,WAFER_01131,LOT_046,RCP_03,TOOL_B,65.42178432724124,101.91633116862299,500.8300596851383,2.0106356135776338,7.700637698071297,0
2026-08-03 09:18:51,WAFER_01132,LOT_046,RCP_02,TOOL_A,64.63275385908923,101.09689319336913,495.79376073670034,1.4322811216501874,7.610169630797786,0
2026-08-03 09:18:52,WAFER_01133,LOT_046,RCP_01,TOOL_B,65.0816116708422,101.12765040062386,504.8430896791849,1.6489993954600393,8.073373539913948,0
2026-08-03 09:18:53,WAFER_01134,LOT_046,RCP_02,TOOL_C,64.88660017634064,101.65600593007922,500.6903983346797,2.2240224464845593,8.150933279623981,0
2026-08-03 09:18:54,WAFER_01135,LOT_046,RCP_03,TOOL_B,64.99657859206803,101.60415897600778,497.523008311121,1.7795237039902438,8.323826337426063,0
2026-08-03 09:18:55,WAFER_01136,LOT_046,RCP_01,TOOL_B,65.47610928305629,101.419920876595,499.3828567754564,1.761809447425699,7.816528565946367,0
2026-08-03 09:18:56,WAFER_01137,LOT_046,RCP_02,TOOL_A,65.20488343041029,100.97768837012782,498.04996594136463,1.5638419934359988,7.7568188353859675,0
2026-08-03 09:18:57,WAFER_01138,LOT_046,RCP_02,TOOL_A,64.78492988761172,101.22604469991154,504.85317891422227,1.7978395221133325,8.063079114835965,0
2026-08-03 09:18:58,WAFER_01139,LOT_046,RCP_01,TOOL_A,65.06983666257695,101.29175078524267,499.2517116690459,2.0007324977475585,7.8147673485669555,0
2026-08-03 09:18:59,WAFER_01140,LOT_046,RCP_02,TOOL_A,64.95976518967906,100.84755149176226,500.5748532606277,1.8039935833072038,8.002308498209578,0
2026-08-03 09:19:00,WAFER_01141,LOT_046,RCP_01,TOOL_C,64.58355635011362,101.34903608486314,502.12278788960975,1.9539548240717879,8.6162171191158,0
2026-08-03 09:19:01,WAFER_01142,LOT_046,RCP_03,TOOL_A,65.48383818993017,101.40086113734304,497.2591635660712,1.550492307880534,8.031651919550555,0
2026-08-03 09:19:02,WAFER_01143,LOT_046,RCP_03,TOOL_C,65.15191435769246,101.15734987457031,500.71672502470005,1.9580810834088844,8.382660404389735,0
2026-08-03 09:19:03,WAFER_01144,LOT_046,RCP_03,TOOL_A,64.99643175890236,101.64345376167161,501.01541160675856,1.8784667504828718,8.055389611405273,1
2026-08-03 09:19:04,WAFER_01145,LOT_046,RCP_02,TOOL_A,64.22107168147207,101.58975630907817,494.2499083622237,1.868720452471942,7.542863272622943,0
2026-08-03 09:19:05,WAFER_01146,LOT_046,RCP_01,TOOL_A,64.82786847030145,101.66856112358906,500.9349770084772,1.6398985798808663,8.105796192481233,0
2026-08-03 09:19:06,WAFER_01147,LOT_046,RCP_02,TOOL_A,65.27214591660018,100.99502561361868,499.83068035971036,1.3578481156035884,8.043181525715992,0
2026-08-03 09:19:07,WAFER_01148,LOT_046,RCP_03,TOOL_B,65.11656351037816,101.58721217159157,500.4808752808292,1.884002552734433,8.241082278285523,0
2026-08-03 09:19:08,WAFER_01149,LOT_046,RCP_02,TOOL_C,66.20994017223583,101.12962533103482,500.1318299399151,1.94045852020495,8.513568916307023,0
2026-08-03 09:19:09,WAFER_01150,LOT_046,RCP_03,TOOL_C,65.87512911375332,100.83041652814494,500.9589285299153,2.2578124958030568,8.29547386946651,1
2026-08-03 09:19:10,WAFER_01151,LOT_047,RCP_01,TOOL_A,65.62607846367703,101.55563716382915,504.9481699350018,1.64877807157445,8.278746080707887,0
2026-08-03 09:19:11,WAFER_01152,LOT_047,RCP_03,TOOL_B,65.83171664579541,101.35553002356363,495.6358225752851,1.6024199092660383,7.920989711644565,0
2026-08-03 09:19:12,WAFER_01153,LOT_047,RCP_01,TOOL_A,65.88937518797051,102.28554824078634,498.73403635864844,1.8306343814519168,8.06673241810098,0
2026-08-03 09:19:13,WAFER_01154,LOT_047,RCP_01,TOOL_C,64.62223904793318,101.85376292804585,502.4664889271625,2.5915398460052734,8.265989653770573,0
2026-08-03 09:19:14,WAFER_01155,LOT_047,RCP_02,TOOL_B,63.77084605488386,101.37023705963512,501.7794257105933,1.9498059982233147,8.124674607329267,1
2026-08-03 09:19:15,WAFER_01156,LOT_047,RCP_01,TOOL_A,64.78585970799061,101.3946847904895,501.6998005473657,1.8272438598411704,7.898347758687804,0
2026-08-03 09:19:16,WAFER_01157,LOT_047,RCP_01,TOOL_A,65.26794491626282,101.36221445692205,510.18823569799133,1.8717703072761938,8.444838934414223,0
2026-08-03 09:19:17,WAFER_01158,LOT_047,RCP_01,TOOL_A,65.07272814643903,100.91859802661942,502.2723014392318,1.4497768277028806,8.544687939050922,0
2026-08-03 09:19:18,WAFER_01159,LOT_047,RCP_02,TOOL_A,65.13222685326454,100.43918485366403,504.1844698461436,1.5755319258494889,8.235963328630222,0
2026-08-03 09:19:19,WAFER_01160,LOT_047,RCP_03,TOOL_C,66.08403680128154,100.96842753854901,498.86383338224573,1.6178142269905724,8.766150095341787,1
2026-08-03 09:19:20,WAFER_01161,LOT_047,RCP_01,TOOL_B,65.183387635742,101.28186753309524,496.32622421658004,2.1459747789153245,7.584412090168057,0
2026-08-03 09:19:21,WAFER_01162,LOT_047,RCP_02,TOOL_C,65.38347820524369,100.29989507428058,498.8370255118356,2.42547720583115,7.966228009315751,0
2026-08-03 09:19:22,WAFER_01163,LOT_047,RCP_03,TOOL_A,64.99900988391067,101.09315771893635,502.6342526339706,1.878563705242982,7.913178647009572,0
2026-08-03 09:19:23,WAFER_01164,LOT_047,RCP_01,TOOL_B,64.4742110291763,101.20590704741271,501.5052630628679,1.827023020616841,8.011132360619897,0
2026-08-03 09:19:24,WAFER_01165,LOT_047,RCP_01,TOOL_A,65.77477468305176,101.21813790967552,501.4920300712159,1.489681999500484,7.9464839971130905,0
2026-08-03 09:19:25,WAFER_01166,LOT_047,RCP_03,TOOL_B,65.4984327368706,101.04854503268851,499.2069257688506,1.756140007949862,7.556623482599102,0
2026-08-03 09:19:26,WAFER_01167,LOT_047,RCP_03,TOOL_A,65.15084999194586,101.17022475053507,498.616930310392,2.1584783756807786,8.310929760707385,0
2026-08-03 09:19:27,WAFER_01168,LOT_047,RCP_02,TOOL_A,64.70173064309738,101.75507965468707,499.3345281961149,1.8262831996391429,8.581633523006372,0
2026-08-03 09:19:28,WAFER_01169,LOT_047,RCP_03,TOOL_B,65.13842090161364,101.55161520696643,502.68055916561127,1.6870707067576207,8.345866673376609,0
2026-08-03 09:19:29,WAFER_01170,LOT_047,RCP_01,TOOL_A,64.65969966989799,101.0870857047787,503.11069148423053,1.4483858679992774,8.293091282572348,0
2026-08-03 09:19:30,WAFER_01171,LOT_047,RCP_01,TOOL_B,64.38408905475025,101.27402784042245,496.2769058962165,2.076061145546161,8.061052293389313,0
2026-08-03 09:19:31,WAFER_01172,LOT_047,RCP_02,TOOL_B,64.27979820693416,101.08924093245213,502.82066746989636,1.7859832397944688,7.772390709903673,0
2026-08-03 09:19:32,WAFER_01173,LOT_047,RCP_01,TOOL_A,64.90639789872588,101.00817693517874,497.59233144620197,1.4486532293274341,8.01958257421171,0
2026-08-03 09:19:33,WAFER_01174,LOT_047,RCP_03,TOOL_C,65.1653955822462,101.00773051725733,501.7350101118119,1.9351468635856917,8.918508769947206,1
2026-08-03 09:19:34,WAFER_01175,LOT_047,RCP_02,TOOL_B,65.53143645701279,101.48399912772415,499.2897267528888,1.544492396528374,7.904963209623095,0
2026-08-03 09:19:35,WAFER_01176,LOT_048,RCP_03,TOOL_C,65.59067679356812,101.14048193654361,505.79341763218423,2.093651294857606,8.227161543087536,0
2026-08-03 09:19:36,WAFER_01177,LOT_048,RCP_02,TOOL_B,65.12735248643743,100.68401537292826,498.45312387276977,1.8414677939225639,8.298971987958057,1
2026-08-03 09:19:37,WAFER_01178,LOT_048,RCP_01,TOOL_B,64.64330220437387,101.28360666925361,500.6608638113107,1.699356587144295,8.316895233701311,0
2026-08-03 09:19:38,WAFER_01179,LOT_048,RCP_01,TOOL_B,64.9419063604256,101.34484370618907,502.24439468296987,1.9554093192973765,7.771066512440803,0
2026-08-03 09:19:39,WAFER_01180,LOT_048,RCP_01,TOOL_C,65.1732805297431,100.55037239480635,496.7663522545453,2.1357604480944885,8.279399154425896,0
2026-08-03 09:19:40,WAFER_01181,LOT_048,RCP_03,TOOL_B,65.7937739550621,101.28451638402946,499.7304288949203,2.012462477054426,7.864485516106613,0
2026-08-03 09:19:41,WAFER_01182,LOT_048,RCP_01,TOOL_A,64.95493192327119,101.62983237505233,499.0136359268944,1.7285611843838562,8.018816132346494,0
2026-08-03 09:19:42,WAFER_01183,LOT_048,RCP_01,TOOL_A,65.51797941407563,101.4714671664983,498.0988901113979,2.4090651184022294,8.297995401156903,0
2026-08-03 09:19:43,WAFER_01184,LOT_048,RCP_01,TOOL_B,65.00383486827582,102.14732214377409,498.373024894512,1.6871022553052084,7.782912569295416,0
2026-08-03 09:19:44,WAFER_01185,LOT_048,RCP_01,TOOL_A,65.38056661688849,101.77542160327863,504.1144540131061,1.6193340016488256,8.294209499303973,0
2026-08-03 09:19:45,WAFER_01186,LOT_048,RCP_03,TOOL_A,65.21487093987722,101.85059492940532,497.78536228138677,1.5947398899808485,8.027445837208754,0
2026-08-03 09:19:46,WAFER_01187,LOT_048,RCP_01,TOOL_A,64.12995758404705,102.36403265564743,502.09570916588495,1.757811854689139,8.628071876804855,0
2026-08-03 09:19:47,WAFER_01188,LOT_048,RCP_03,TOOL_B,65.57881231424889,101.58809937947434,501.16400150751525,1.4560927818268432,8.086084338780136,0
2026-08-03 09:19:48,WAFER_01189,LOT_048,RCP_01,TOOL_A,65.34815555031038,101.36196667901443,494.83117357163184,1.858912568765562,7.973831986200098,0
2026-08-03 09:19:49,WAFER_01190,LOT_048,RCP_02,TOOL_B,65.27616671926764,101.4700213115039,501.92092692217784,1.4189392460870387,8.155172976321317,0
2026-08-03 09:19:50,WAFER_01191,LOT_048,RCP_02,TOOL_B,65.20264959748997,100.88749015530989,494.7700011238965,1.8323341848114463,7.908970515770453,0
2026-08-03 09:19:51,WAFER_01192,LOT_048,RCP_01,TOOL_C,64.83267825634161,101.34092080140809,502.3239397642111,1.8497496511807294,7.865276256695006,0
2026-08-03 09:19:52,WAFER_01193,LOT_048,RCP_03,TOOL_A,65.06276179930612,101.05386349563024,498.1233909204159,1.7237413185239814,7.935059282946804,0
2026-08-03 09:19:53,WAFER_01194,LOT_048,RCP_03,TOOL_B,65.71482956914102,101.45123413187389,500.0309588370489,1.920908079826472,7.930800725551309,0
2026-08-03 09:19:54,WAFER_01195,LOT_048,RCP_03,TOOL_B,65.65469475977517,101.05227454655247,495.2111641863825,2.2608075367752707,7.57007428565155,1
2026-08-03 09:19:55,WAFER_01196,LOT_048,RCP_01,TOOL_B,64.73076843639497,101.03896717005254,500.4528145973378,1.5843998958437686,7.980280498755487,0
2026-08-03 09:19:56,WAFER_01197,LOT_048,RCP_01,TOOL_B,65.53252361081219,101.45711985138009,503.4297165464913,1.7699365101147218,7.441880239355463,1
2026-08-03 09:19:57,WAFER_01198,LOT_048,RCP_02,TOOL_A,64.57622455301716,101.04766965250337,497.0142279163163,1.6552482650448916,7.906124554508021,0
2026-08-03 09:19:58,WAFER_01199,LOT_048,RCP_01,TOOL_C,64.7199087781803,100.56754196842763,497.75348178126717,1.9460259354878409,8.415770917852061,0
2026-08-03 09:19:59,WAFER_01200,LOT_048,RCP_02,TOOL_A,65.785484101924,100.5468883699014,501.6820977871997,1.657005334006091,8.026188967827323,0
2026-08-03 09:20:00,WAFER_01201,LOT_049,RCP_02,TOOL_C,65.41691933011228,100.66403873324464,501.77458779749367,2.2848132951273876,8.23901124232056,0
2026-08-03 09:20:01,WAFER_01202,LOT_049,RCP_02,TOOL_B,64.8281555331723,100.76447067567669,490.99353659588854,1.702388827153924,7.976906791474021,0
2026-08-03 09:20:02,WAFER_01203,LOT_049,RCP_03,TOOL_A,65.5879427406289,101.45748086520187,507.45700354599626,2.249862539654171,7.788302601880986,1
2026-08-03 09:20:03,WAFER_01204,LOT_049,RCP_02,TOOL_B,65.07430027737145,101.18319676188722,501.95564788912884,1.8831958511789468,8.002920460244084,0
2026-08-03 09:20:04,WAFER_01205,LOT_049,RCP_01,TOOL_A,63.68210534481086,101.7048061612457,502.57859905107597,1.597997867765185,8.015683329779778,0
2026-08-03 09:20:05,WAFER_01206,LOT_049,RCP_01,TOOL_B,64.56489250425278,101.58606469271787,499.46890034735054,1.7266589635709846,7.756932505966592,0
2026-08-03 09:20:06,WAFER_01207,LOT_049,RCP_02,TOOL_B,64.97559362378755,101.50732312334941,493.1351920183567,1.6396306019920022,8.072278784137456,0
2026-08-03 09:20:07,WAFER_01208,LOT_049,RCP_02,TOOL_A,64.82882649125153,101.33119055275446,502.49647162662586,1.9600137305893428,8.070592216871722,0
2026-08-03 09:20:08,WAFER_01209,LOT_049,RCP_01,TOOL_A,65.1186092311186,101.37967813745476,497.90880429554574,1.4722440686869493,7.955123323333111,0
2026-08-03 09:20:09,WAFER_01210,LOT_049,RCP_02,TOOL_B,65.542151510215,101.51775366206931,502.01254726847833,1.531809723912838,8.653682699797441,0
2026-08-03 09:20:10,WAFER_01211,LOT_049,RCP_03,TOOL_A,65.29566282336611,101.64937686086124,499.1904360400279,1.6816907762501718,7.962010355595237,0
2026-08-03 09:20:11,WAFER_01212,LOT_049,RCP_03,TOOL_C,64.94232569786102,101.44291623967051,500.8807457027306,2.256589358627665,8.274606753749286,0
2026-08-03 09:20:12,WAFER_01213,LOT_049,RCP_02,TOOL_B,65.1559287960853,101.58300731092685,497.1325133887858,2.0466120549645543,7.885953860513912,0
2026-08-03 09:20:13,WAFER_01214,LOT_049,RCP_01,TOOL_B,64.84322079988745,100.4086004678487,503.19823908791204,2.0761084381545687,7.737846409769372,0
2026-08-03 09:20:14,WAFER_01215,LOT_049,RCP_01,TOOL_A,64.92508951960549,101.18962399382663,495.6029975540066,1.905960303989506,8.185192287157719,0
2026-08-03 09:20:15,WAFER_01216,LOT_049,RCP_02,TOOL_B,64.85994861480653,100.98379962305233,508.308606873755,1.7834220927283961,7.814713318634748,0
2026-08-03 09:20:16,WAFER_01217,LOT_049,RCP_01,TOOL_C,66.07608214400527,101.73801949344299,508.28040994945195,2.2789251624627984,8.196654000310607,1
2026-08-03 09:20:17,WAFER_01218,LOT_049,RCP_02,TOOL_A,63.92446195472099,101.69713009884128,506.0409884662261,1.571099876513658,7.854674778924578,0
2026-08-03 09:20:18,WAFER_01219,LOT_049,RCP_02,TOOL_A,64.81359972649634,100.54893183932009,504.71927224736567,1.4310685555967546,7.734065250720902,0
2026-08-03 09:20:19,WAFER_01220,LOT_049,RCP_01,TOOL_A,64.99822926768877,101.83624352617672,499.6871710745355,1.887327515537298,7.527207500212925,0
2026-08-03 09:20:20,WAFER_01221,LOT_049,RCP_01,TOOL_A,64.62505160370426,100.85485082931001,504.31622281126465,1.59886431657023,7.875006235867017,0
2026-08-03 09:20:21,WAFER_01222,LOT_049,RCP_01,TOOL_B,65.43191639942158,100.86633820668689,499.64414695637834,1.7869386535669038,8.235800534432318,0
2026-08-03 09:20:22,WAFER_01223,LOT_049,RCP_03,TOOL_B,65.84036368578543,101.2109714331156,494.2519850936924,1.8239254031745629,8.053184547475617,0
2026-08-03 09:20:23,WAFER_01224,LOT_049,RCP_02,TOOL_B,64.9770777831255,100.97908154058962,505.56184523191354,1.8496239118356594,8.421355322950793,0
2026-08-03 09:20:24,WAFER_01225,LOT_049,RCP_01,TOOL_A,64.87007659743503,100.70780143370759,504.1766505128133,1.9875583077050105,8.202758202347079,0
2026-08-03 09:20:25,WAFER_01226,LOT_050,RCP_03,TOOL_A,65.39626071956882,101.54695362992717,499.8840453016749,1.9664150376583462,8.141470498773993,0
2026-08-03 09:20:26,WAFER_01227,LOT_050,RCP_02,TOOL_A,64.94970240624905,101.3581729213961,495.46681824787476,1.839000013433538,8.508315236116234,0
2026-08-03 09:20:27,WAFER_01228,LOT_050,RCP_02,TOOL_C,64.96238094649964,101.50053580654219,497.8310574966578,2.031596943906119,8.323770689349134,0
2026-08-03 09:20:28,WAFER_01229,LOT_050,RCP_03,TOOL_B,65.35976043127194,101.1352869746844,493.2617613359162,1.8215524177352642,8.017030431846337,0
2026-08-03 09:20:29,WAFER_01230,LOT_050,RCP_01,TOOL_A,65.12117567100435,101.28495856831047,503.4967991546865,1.6807579166650157,7.996904606151763,0
2026-08-03 09:20:30,WAFER_01231,LOT_050,RCP_01,TOOL_B,65.36154179111738,101.28843767733699,494.0677568226025,1.7607142155987658,8.416822417419558,0
2026-08-03 09:20:31,WAFER_01232,LOT_050,RCP_02,TOOL_A,64.40947512915268,101.74143826775801,501.0612742195427,2.3236346847160827,8.000679135443955,0
2026-08-03 09:20:32,WAFER_01233,LOT_050,RCP_01,TOOL_A,64.4956813283681,100.22298698259938,496.87833461321515,1.8364379401767081,7.824965108999182,0
2026-08-03 09:20:33,WAFER_01234,LOT_050,RCP_02,TOOL_A,64.16071134584791,100.73636114738413,494.72119725350194,1.8900490034075097,8.15867239524997,0
2026-08-03 09:20:34,WAFER_01235,LOT_050,RCP_01,TOOL_C,65.41587075217164,101.30210552026088,500.8819138451307,1.9789038701939277,8.129609851014603,0
2026-08-03 09:20:35,WAFER_01236,LOT_050,RCP_01,TOOL_B,65.12015518073142,100.88748331073211,498.76494227434546,2.0040146832859738,8.14403730840576,1
2026-08-03 09:20:36,WAFER_01237,LOT_050,RCP_01,TOOL_B,65.24252840764773,101.20183826423697,503.10129969007386,1.952054484532685,8.111737052218295,0
2026-08-03 09:20:37,WAFER_01238,LOT_050,RCP_02,TOOL_A,64.31384084558553,101.05209129617943,495.3098605057038,1.953470510931017,7.948861279692246,0
2026-08-03 09:20:38,WAFER_01239,LOT_050,RCP_01,TOOL_A,65.85677509898247,101.05007927865886,497.19793581174685,1.8429782493506928,8.152769124463443,0
2026-08-03 09:20:39,WAFER_01240,LOT_050,RCP_01,TOOL_B,64.70775156409023,101.32449819191902,491.1657238285837,2.006838019153354,7.598296718816745,0
2026-08-03 09:20:40,WAFER_01241,LOT_050,RCP_03,TOOL_A,65.53073878741341,101.53869672554796,491.9179172753867,2.054337039326947,8.043999772757747,0
2026-08-03 09:20:41,WAFER_01242,LOT_050,RCP_01,TOOL_C,65.41010463712561,101.21021875088822,506.6533119169205,2.176619783869859,8.225053346139983,1
2026-08-03 09:20:42,WAFER_01243,LOT_050,RCP_01,TOOL_B,64.52624971721788,101.12778600109188,507.7093135031688,1.7770775281999356,8.772811165866822,0
2026-08-03 09:20:43,WAFER_01244,LOT_050,RCP_01,TOOL_A,64.73776430791392,101.23700933167153,500.3430869593286,1.9789141980229523,8.042072768802855,0
2026-08-03 09:20:44,WAFER_01245,LOT_050,RCP_01,TOOL_B,65.08600245180843,101.29717418827467,496.9518335661459,1.6191749386880514,7.838974146558472,0
2026-08-03 09:20:45,WAFER_01246,LOT_050,RCP_01,TOOL_C,66.37158707622307,100.63867856517291,498.8957389756866,1.9764079438769349,7.977858531265667,0
2026-08-03 09:20:46,WAFER_01247,LOT_050,RCP_02,TOOL_B,65.14453987656897,101.27539048882528,503.23222454919954,1.7893399314230198,8.352459673134451,0
2026-08-03 09:20:47,WAFER_01248,LOT_050,RCP_01,TOOL_B,65.77105335230274,101.12861953281022,498.0967606266584,1.451728586312371,7.90549116572858,0
2026-08-03 09:20:48,WAFER_01249,LOT_050,RCP_03,TOOL_C,66.02872310969214,101.7793833284282,500.87924530805424,2.285519054712685,8.136334941889636,1
2026-08-03 09:20:49,WAFER_01250,LOT_050,RCP_03,TOOL_A,65.62664481751737,101.52460032074414,499.9528026132194,1.6074172225068355,8.090800787782445,0
2026-08-03 09:20:50,WAFER_01251,LOT_051,RCP_01,TOOL_C,64.52518602961727,101.74462523360347,497.8953931206934,2.0257017956996486,8.525424084479527,0
2026-08-03 09:20:51,WAFER_01252,LOT_051,RCP_01,TOOL_A,65.50868173319276,100.91581855838834,498.0530868398301,1.757344080864046,8.171167291966572,0
2026-08-03 09:20:52,WAFER_01253,LOT_051,RCP_01,TOOL_B,64.28090703600894,101.15887307634877,501.08528722523636,1.80785736431411,8.005332614226027,0
2026-08-03 09:20:53,WAFER_01254,LOT_051,RCP_02,TOOL_B,65.768420059365,100.62786577476618,496.38551389536644,1.7312693447153917,8.042981336959414,0
2026-08-03 09:20:54,WAFER_01255,LOT_051,RCP_01,TOOL_B,65.09600254794476,101.03202734060686,501.671398578807,1.7865257905539302,8.06265001043379,0
2026-08-03 09:20:55,WAFER_01256,LOT_051,RCP_03,TOOL_B,64.17789269729687,101.77580006131326,498.25515784929803,1.7880744735219172,8.090826991719796,1
2026-08-03 09:20:56,WAFER_01257,LOT_051,RCP_03,TOOL_B,65.28655707438472,101.86524641961054,500.47125902719847,1.7105938084745749,8.1147190028934,0
2026-08-03 09:20:57,WAFER_01258,LOT_051,RCP_03,TOOL_A,65.76389495404301,100.86370934797431,505.12066149482365,1.645361108472247,8.295502242852498,0
2026-08-03 09:20:58,WAFER_01259,LOT_051,RCP_02,TOOL_A,64.8862285409409,100.92585448603943,499.3776894326603,2.0162947848711203,8.01523201274698,0
2026-08-03 09:20:59,WAFER_01260,LOT_051,RCP_03,TOOL_A,65.79320278927692,101.2710456446309,503.4032760587104,1.3791188595466595,7.779463118225802,0
2026-08-03 09:21:00,WAFER_01261,LOT_051,RCP_01,TOOL_B,64.59198839949809,101.52253014388772,493.36947843322986,1.7588569681981034,7.961041240161911,0
2026-08-03 09:21:01,WAFER_01262,LOT_051,RCP_02,TOOL_A,64.37312846106195,100.43127209985613,498.2596568495298,1.706220105623157,8.203520821058449,0
2026-08-03 09:21:02,WAFER_01263,LOT_051,RCP_01,TOOL_A,64.96570620653715,100.69085996901919,500.10244789798145,1.8837582973452973,7.517637451236092,0
2026-08-03 09:21:03,WAFER_01264,LOT_051,RCP_03,TOOL_C,65.46515152029916,101.4860579346715,507.1163235130639,1.8291414406961983,7.86919690724957,0
2026-08-03 09:21:04,WAFER_01265,LOT_051,RCP_02,TOOL_A,64.83277551149008,100.35936534381118,492.7481772919384,1.7000429317512793,8.247934552775927,0
2026-08-03 09:21:05,WAFER_01266,LOT_051,RCP_03,TOOL_A,66.03909975038826,101.13021698566723,499.6440235109967,1.7795280532020488,8.410433160549859,0
2026-08-03 09:21:06,WAFER_01267,LOT_051,RCP_01,TOOL_A,64.59190045993326,101.36159488725235,505.38974874839016,2.014014722074092,7.658395990544742,0
2026-08-03 09:21:07,WAFER_01268,LOT_051,RCP_03,TOOL_A,65.60031949151953,101.45795306857458,497.0954245005126,1.8664369933590848,8.027124003124882,0
2026-08-03 09:21:08,WAFER_01269,LOT_051,RCP_02,TOOL_B,65.03262558615855,101.04614712369334,499.212496401425,1.5633023578262277,7.892122819512406,0
2026-08-03 09:21:09,WAFER_01270,LOT_051,RCP_02,TOOL_A,64.25277634297468,100.96101244676193,501.2274342447055,1.702504656255868,7.929575869694761,0
2026-08-03 09:21:10,WAFER_01271,LOT_051,RCP_03,TOOL_A,64.81686551183911,101.62093692669225,500.6826816487743,1.9772102705321384,8.082493372364231,0
2026-08-03 09:21:11,WAFER_01272,LOT_051,RCP_01,TOOL_C,65.00571728779934,101.40837825201899,505.79335075918135,1.8798450268153866,8.000925038167098,0
2026-08-03 09:21:12,WAFER_01273,LOT_051,RCP_01,TOOL_C,65.95097599936975,101.05413368365845,501.659353097271,2.1042711463255257,8.051051274867051,0
2026-08-03 09:21:13,WAFER_01274,LOT_051,RCP_02,TOOL_B,65.27804950971142,101.11433470073925,504.91275971340264,1.798175909494745,7.91866218331127,0
2026-08-03 09:21:14,WAFER_01275,LOT_051,RCP_01,TOOL_C,64.17169528393057,101.44560422860935,498.66796907795333,2.042843388015847,8.310748588568577,0
2026-08-03 09:21:15,WAFER_01276,LOT_052,RCP_01,TOOL_C,63.50696572874272,101.95293015175152,497.2600559783739,2.659150356559783,8.045992121465273,0
2026-08-03 09:21:16,WAFER_01277,LOT_052,RCP_01,TOOL_A,65.3518657246421,101.5988029939508,499.16482418582734,1.7174537081104901,8.21320487219308,0
2026-08-03 09:21:17,WAFER_01278,LOT_052,RCP_01,TOOL_B,64.95381752819446,101.76153160526249,495.7113185545399,1.8899530318735596,7.887258537260021,0
2026-08-03 09:21:18,WAFER_01279,LOT_052,RCP_03,TOOL_B,65.99780766536497,101.06796918940614,501.78899327597736,1.646739775956143,7.8861092463619515,0
2026-08-03 09:21:19,WAFER_01280,LOT_052,RCP_02,TOOL_A,64.57725539805851,100.90081049562309,498.5722509828056,1.905549598399881,8.076317873362074,0
2026-08-03 09:21:20,WAFER_01281,LOT_052,RCP_01,TOOL_A,65.16810199897209,101.21055560273106,497.51438107008335,1.974157519370387,7.965194765461775,0
2026-08-03 09:21:21,WAFER_01282,LOT_052,RCP_02,TOOL_A,65.40616326225337,101.04544239427749,501.8450361155977,1.6824071926507804,8.22611873948457,0
2026-08-03 09:21:22,WAFER_01283,LOT_052,RCP_02,TOOL_B,64.78521745366089,100.7169505160349,495.76825162149515,1.7890596369562934,7.74797591479382,0
2026-08-03 09:21:23,WAFER_01284,LOT_052,RCP_02,TOOL_B,64.79547892628909,101.58105477809158,502.8508581912664,1.6209440460218254,7.622705618792862,0
2026-08-03 09:21:24,WAFER_01285,LOT_052,RCP_03,TOOL_B,65.46212615892723,101.63567362234834,498.230151662582,1.5711192375900218,7.916357357774376,0
2026-08-03 09:21:25,WAFER_01286,LOT_052,RCP_03,TOOL_A,65.71048464634896,101.18384241270543,504.2886568431485,2.0073590865000415,8.016263766692454,1
2026-08-03 09:21:26,WAFER_01287,LOT_052,RCP_01,TOOL_A,64.99311967783429,101.54385004662527,498.5468709605506,1.6891998108232704,7.66499589509367,0
2026-08-03 09:21:27,WAFER_01288,LOT_052,RCP_01,TOOL_B,65.46751824212456,101.38470168194145,502.3380657662643,1.317277534298386,7.62530653834093,0
2026-08-03 09:21:28,WAFER_01289,LOT_052,RCP_02,TOOL_B,64.77827110915183,101.37353463275392,500.66438078295977,2.153071231298725,8.049220401231256,0
2026-08-03 09:21:29,WAFER_01290,LOT_052,RCP_02,TOOL_C,64.36237030137771,100.58916329306025,502.7524369327436,1.959580935387479,8.14539924682496,0
2026-08-03 09:21:30,WAFER_01291,LOT_052,RCP_02,TOOL_C,65.94894817669433,101.04464879218497,500.40680350094624,2.070725391250394,7.957821836408131,0
2026-08-03 09:21:31,WAFER_01292,LOT_052,RCP_02,TOOL_C,64.70977580645963,101.0779453593958,493.84542957433,2.4481813010988627,8.610642148924796,1
2026-08-03 09:21:32,WAFER_01293,LOT_052,RCP_02,TOOL_C,64.72714779981548,101.33698399785243,503.7325360951959,2.091651581162472,8.179415438309686,1
2026-08-03 09:21:33,WAFER_01294,LOT_052,RCP_01,TOOL_C,64.96841440588535,101.06119371155079,499.67557318690575,2.087332679559627,8.660449133043647,0
2026-08-03 09:21:34,WAFER_01295,LOT_052,RCP_01,TOOL_B,65.03224693263391,100.35002632484868,502.92120948621283,1.5543653910898934,8.007687113599545,0
2026-08-03 09:21:35,WAFER_01296,LOT_052,RCP_01,TOOL_A,64.81439185160562,100.88895410728048,502.5539119644148,1.4730332600744867,8.079584892754932,0
2026-08-03 09:21:36,WAFER_01297,LOT_052,RCP_01,TOOL_A,64.99163172946447,101.27680176542985,497.138803020258,1.7667227470807745,7.94289506855385,0
2026-08-03 09:21:37,WAFER_01298,LOT_052,RCP_01,TOOL_A,64.98091412891448,101.32427600569126,496.6152570008514,1.872561954814979,7.283106193972662,0
2026-08-03 09:21:38,WAFER_01299,LOT_052,RCP_02,TOOL_A,65.08391327697,101.73982428659748,502.42481387536134,1.8611050816421546,7.6930676474155,0
2026-08-03 09:21:39,WAFER_01300,LOT_052,RCP_01,TOOL_A,63.86840601968609,101.52144364745007,498.8779785911811,1.7037477839061568,7.9660584458759445,1
2026-08-03 09:21:40,WAFER_01301,LOT_053,RCP_01,TOOL_C,65.90282062736377,101.33098150610796,503.464788334026,2.1240515598693883,8.44847686706903,0
2026-08-03 09:21:41,WAFER_01302,LOT_053,RCP_02,TOOL_A,64.92930160950341,101.08769131482305,499.3406565114068,1.4325580009344066,7.516788013955208,0
2026-08-03 09:21:42,WAFER_01303,LOT_053,RCP_03,TOOL_C,65.72869885733455,101.71958968522448,503.78661617655865,2.212033404139096,8.335527538877676,0
2026-08-03 09:21:43,WAFER_01304,LOT_053,RCP_01,TOOL_B,64.33851135606366,101.07575802818018,501.5662265915737,1.8322811689540093,7.696988696452212,0
2026-08-03 09:21:44,WAFER_01305,LOT_053,RCP_03,TOOL_B,65.22391987460037,101.24669216065857,501.06550747674237,2.1947321788365715,8.063347444574207,0
2026-08-03 09:21:45,WAFER_01306,LOT_053,RCP_03,TOOL_B,65.1272883841662,100.88608191434744,498.61615856466096,1.8014959292858095,7.994761787861047,0
2026-08-03 09:21:46,WAFER_01307,LOT_053,RCP_02,TOOL_A,65.7054674069641,101.6391842985042,500.8599821720276,1.6114661295707842,8.200745432655985,0
2026-08-03 09:21:47,WAFER_01308,LOT_053,RCP_02,TOOL_B,64.71880946871877,101.2491495960606,504.41355504532504,1.7898553731822362,8.28804219115063,0
2026-08-03 09:21:48,WAFER_01309,LOT_053,RCP_01,TOOL_A,65.36387839373124,101.0311411475185,499.79940280294574,1.7344400399968327,8.123927272803988,0
2026-08-03 09:21:49,WAFER_01310,LOT_053,RCP_03,TOOL_C,65.13779818271686,101.25650709607903,501.9653454416303,2.2069415737540794,8.582306269022055,0
2026-08-03 09:21:50,WAFER_01311,LOT_053,RCP_01,TOOL_A,64.78274290896611,101.49366729001838,500.1715322821239,1.8053784123450374,7.905407531500564,0
2026-08-03 09:21:51,WAFER_01312,LOT_053,RCP_03,TOOL_A,65.33213592070368,101.20472681316554,500.46103495815805,1.5480106597894712,8.762241701042129,0
2026-08-03 09:21:52,WAFER_01313,LOT_053,RCP_02,TOOL_B,65.61624566087806,100.8969011637492,506.37661980067173,1.4728513423611962,7.6709188439463825,0
2026-08-03 09:21:53,WAFER_01314,LOT_053,RCP_01,TOOL_B,64.09287072366554,101.05137599932596,504.44640111484637,1.8525816405266033,7.857505939964483,0
2026-08-03 09:21:54,WAFER_01315,LOT_053,RCP_01,TOOL_B,64.36848149346827,101.42880552171162,500.29379411622415,2.0766229082138477,8.243366817341661,0
2026-08-03 09:21:55,WAFER_01316,LOT_053,RCP_02,TOOL_B,64.06529352046888,100.96393937389993,500.7934801253633,1.8158695768103439,8.203234752312468,0
2026-08-03 09:21:56,WAFER_01317,LOT_053,RCP_02,TOOL_A,64.4779989825145,100.92757206079015,497.40307913686144,1.9626594707840415,8.131595035168434,0
2026-08-03 09:21:57,WAFER_01318,LOT_053,RCP_01,TOOL_B,64.61043197542779,100.79229653307894,499.3600052788197,2.0025618308407203,8.182336037658139,0
2026-08-03 09:21:58,WAFER_01319,LOT_053,RCP_02,TOOL_A,64.22504899803661,101.12950341908032,501.1447718139299,1.8533583691589337,7.437439568256369,0
2026-08-03 09:21:59,WAFER_01320,LOT_053,RCP_03,TOOL_A,65.09760908162497,101.23113509325907,503.1472702814058,1.6371017024277184,8.429110647525215,0
2026-08-03 09:22:00,WAFER_01321,LOT_053,RCP_02,TOOL_A,64.03293704915195,100.97777362751604,502.7721173185704,1.839061617009113,7.944949441106014,0
2026-08-03 09:22:01,WAFER_01322,LOT_053,RCP_02,TOOL_A,64.51136541259152,101.1755328574457,495.8957414931533,2.0414145775200963,8.33639142921313,0
2026-08-03 09:22:02,WAFER_01323,LOT_053,RCP_01,TOOL_A,65.57620179195689,101.58424085983964,503.6148361035109,1.9059781099199828,7.450947823678652,0
2026-08-03 09:22:03,WAFER_01324,LOT_053,RCP_03,TOOL_B,65.64372227373494,101.56659487933737,499.67153738630304,1.9496490685657313,8.069273495939921,0
2026-08-03 09:22:04,WAFER_01325,LOT_053,RCP_01,TOOL_A,65.08998448264282,101.5100368303419,496.3481319839931,1.7074907516616349,7.847854384630891,0
2026-08-03 09:22:05,WAFER_01326,LOT_054,RCP_03,TOOL_A,64.96866629298603,101.20854529411842,504.9446235284981,1.7595292480509035,8.154472440926952,0
2026-08-03 09:22:06,WAFER_01327,LOT_054,RCP_01,TOOL_B,64.26267921965854,101.08454063234232,505.41413228793044,1.7762545378199266,8.085609022166588,1
2026-08-03 09:22:07,WAFER_01328,LOT_054,RCP_02,TOOL_A,64.45320508374354,100.70331205629746,500.97586383466046,1.7897323994926408,8.098832905324779,0
2026-08-03 09:22:08,WAFER_01329,LOT_054,RCP_01,TOOL_B,64.97925928308992,101.07460052721153,502.6225363270494,2.033591663202472,7.714085744177497,0
2026-08-03 09:22:09,WAFER_01330,LOT_054,RCP_01,TOOL_C,65.41672485426881,101.30746703615189,502.8395620723544,1.6505652543323666,8.334618337378975,0
2026-08-03 09:22:10,WAFER_01331,LOT_054,RCP_03,TOOL_A,65.88313636022495,101.00121127377206,505.1643569654053,1.8061076609163675,7.951354897059078,0
2026-08-03 09:22:11,WAFER_01332,LOT_054,RCP_02,TOOL_C,65.302693933992,101.13650171286463,502.6938535440974,2.1041007248610293,8.483733711261007,0
2026-08-03 09:22:12,WAFER_01333,LOT_054,RCP_02,TOOL_A,64.64597270524739,100.73312646239349,495.0875533734773,1.5256997717111702,8.267110188767036,0
2026-08-03 09:22:13,WAFER_01334,LOT_054,RCP_03,TOOL_A,65.46178391955392,100.66882308217733,507.43628867119315,1.9343534433174931,8.040628498942326,0
2026-08-03 09:22:14,WAFER_01335,LOT_054,RCP_03,TOOL_B,65.29575558558213,101.61137432592862,503.94293049107614,1.6550999616110151,7.655433482135078,0
2026-08-03 09:22:15,WAFER_01336,LOT_054,RCP_03,TOOL_B,65.35342891352252,101.11972245376097,498.1147604404908,1.7285934701293681,8.029046278583028,0
2026-08-03 09:22:16,WAFER_01337,LOT_054,RCP_01,TOOL_C,65.97782139054071,100.98192721177492,496.1903872322776,2.4897563815508086,9.0549905816705,0
2026-08-03 09:22:17,WAFER_01338,LOT_054,RCP_02,TOOL_A,64.15423988623827,100.68433808630697,501.8678096924951,2.0019947299078114,8.444421438286703,0
2026-08-03 09:22:18,WAFER_01339,LOT_054,RCP_03,TOOL_B,65.33735512835732,101.46075367039755,498.97043785803993,1.9148973878290232,7.196912118055421,0
2026-08-03 09:22:19,WAFER_01340,LOT_054,RCP_01,TOOL_A,65.58163947545415,101.82246493035782,501.22098280979617,1.876155386928881,8.017102651497607,0
2026-08-03 09:22:20,WAFER_01341,LOT_054,RCP_01,TOOL_A,64.2963720823839,101.14683193281766,502.7506053127296,1.7670639955109315,8.251672271818943,0
2026-08-03 09:22:21,WAFER_01342,LOT_054,RCP_03,TOOL_A,65.1410012358722,101.21808591762822,497.90416501441183,2.1998754530740205,7.950771706606646,0
2026-08-03 09:22:22,WAFER_01343,LOT_054,RCP_02,TOOL_C,64.74606152116753,101.50722009915785,495.870400427068,2.2804335262880477,8.225775451561152,0
2026-08-03 09:22:23,WAFER_01344,LOT_054,RCP_02,TOOL_A,64.89282093341409,100.41203063234384,501.4275283311263,1.6500900172069495,7.927919661927458,0
2026-08-03 09:22:24,WAFER_01345,LOT_054,RCP_03,TOOL_C,64.68394056338902,102.0474100843068,498.0264649354752,1.8399795443564693,8.499091161067355,0
2026-08-03 09:22:25,WAFER_01346,LOT_054,RCP_02,TOOL_B,65.28573730896225,102.02875811488401,500.54055440720987,1.913367600397854,7.689913106918747,0
2026-08-03 09:22:26,WAFER_01347,LOT_054,RCP_02,TOOL_B,65.3198178956063,100.07159173882036,495.0296921832396,1.7888261740243112,8.32094593593453,0
2026-08-03 09:22:27,WAFER_01348,LOT_054,RCP_01,TOOL_B,65.24402015600862,101.26294877301163,499.06692391944387,1.5142123666107665,7.984881892241521,0
2026-08-03 09:22:28,WAFER_01349,LOT_054,RCP_02,TOOL_C,64.58222063634028,100.82680012788956,502.645321996848,2.2057172331423165,8.097543445989881,1
2026-08-03 09:22:29,WAFER_01350,LOT_054,RCP_01,TOOL_A,65.0415251795779,101.1993867270562,502.24195027829313,1.746194567937696,8.303574543577648,0
2026-08-03 09:22:30,WAFER_01351,LOT_055,RCP_03,TOOL_A,65.01826868500684,101.14101367354594,497.0830755077689,1.906132985105494,7.582814655619857,0
2026-08-03 09:22:31,WAFER_01352,LOT_055,RCP_03,TOOL_B,65.29035360282968,101.60846845742215,495.6774218335232,1.8883480429161814,7.850093273809573,0
2026-08-03 09:22:32,WAFER_01353,LOT_055,RCP_01,TOOL_A,66.03366460504202,101.25722343535216,500.05832565208163,1.6783471956912321,7.845647732373005,0
2026-08-03 09:22:33,WAFER_01354,LOT_055,RCP_01,TOOL_A,65.0459337812462,100.95385525860401,502.07582134897183,1.926568952884841,8.578864323323755,0
2026-08-03 09:22:34,WAFER_01355,LOT_055,RCP_03,TOOL_A,64.87998724352616,101.23456963870785,501.49914801871245,1.7004189834730201,7.8150443924673505,0
2026-08-03 09:22:35,WAFER_01356,LOT_055,RCP_01,TOOL_A,65.08656096351868,101.49561801004572,498.10500857586317,1.7134236253638058,7.418159390464972,0
2026-08-03 09:22:36,WAFER_01357,LOT_055,RCP_02,TOOL_A,64.3511379554896,100.65018589544918,501.10195043720046,1.6935457186757246,7.842909918874632,0
2026-08-03 09:22:37,WAFER_01358,LOT_055,RCP_02,TOOL_A,64.42447501159279,100.4744311981914,505.55871524372117,2.0261948855612544,8.12299859379929,0
2026-08-03 09:22:38,WAFER_01359,LOT_055,RCP_02,TOOL_C,64.50026089474459,101.85724226431742,500.7590353430434,2.063885522389128,8.561702827577573,0
2026-08-03 09:22:39,WAFER_01360,LOT_055,RCP_01,TOOL_A,64.78673146294607,101.0558778617108,493.9573526374711,2.0744886361128505,8.614665717229549,0
2026-08-03 09:22:40,WAFER_01361,LOT_055,RCP_02,TOOL_C,65.44974511788281,101.04780586497057,500.7518412509724,2.4766969740373717,8.729862344166188,0
2026-08-03 09:22:41,WAFER_01362,LOT_055,RCP_01,TOOL_C,65.27763113504808,101.14883774578628,507.56264079348665,1.9722561726291103,8.400739100357091,0
2026-08-03 09:22:42,WAFER_01363,LOT_055,RCP_02,TOOL_A,65.25103775755872,101.3082733275512,495.2366539914723,1.2158009370606133,7.75931782375481,0
2026-08-03 09:22:43,WAFER_01364,LOT_055,RCP_01,TOOL_B,64.47251620851654,101.9736601707746,500.1099812487674,2.0089019086542548,8.438487406463787,0
2026-08-03 09:22:44,WAFER_01365,LOT_055,RCP_02,TOOL_B,64.74016910939089,101.32037485985713,499.1625588977811,1.7316056205279717,7.900487841411917,0
2026-08-03 09:22:45,WAFER_01366,LOT_055,RCP_02,TOOL_B,65.13056053130393,100.52302124393479,500.35476694931776,1.6267627173736017,7.822297546222057,0
2026-08-03 09:22:46,WAFER_01367,LOT_055,RCP_01,TOOL_A,64.69840640701356,100.77403309773676,500.71873296666894,1.6822563787694065,7.887390073418401,0
2026-08-03 09:22:47,WAFER_01368,LOT_055,RCP_01,TOOL_A,64.86638410865547,101.14839338537577,504.2178963484328,1.7170372357267942,7.661882175497862,0
2026-08-03 09:22:48,WAFER_01369,LOT_055,RCP_01,TOOL_A,65.21185217241438,101.19807138417735,500.313698159683,2.059438618138748,7.874444575383837,0
2026-08-03 09:22:49,WAFER_01370,LOT_055,RCP_01,TOOL_B,64.83258911302337,100.64565851757229,504.72586036168457,1.831982247863503,7.937060750905828,0
2026-08-03 09:22:50,WAFER_01371,LOT_055,RCP_01,TOOL_C,65.10850860276898,101.61134954966629,499.56467406249004,2.376719726021627,8.547277283569272,0
2026-08-03 09:22:51,WAFER_01372,LOT_055,RCP_03,TOOL_B,66.2145096588894,100.88719818800503,498.70449393629383,1.8988440238556992,7.895216149522725,0
2026-08-03 09:22:52,WAFER_01373,LOT_055,RCP_02,TOOL_B,64.91750777648625,101.66745459360779,497.52402296275716,1.7381538552099032,7.657786004703601,0
2026-08-03 09:22:53,WAFER_01374,LOT_055,RCP_03,TOOL_C,66.01608214866522,101.99184038693816,493.27677799225546,2.0419285593581487,7.916981518080691,1
2026-08-03 09:22:54,WAFER_01375,LOT_055,RCP_03,TOOL_B,65.71849763230753,101.20566365759977,501.0203912241256,1.9123217501499203,8.056583831831242,0
2026-08-03 09:22:55,WAFER_01376,LOT_056,RCP_01,TOOL_A,64.29572384312635,101.46680960335891,507.5998010673458,1.9640851258665417,8.01960898043669,0
2026-08-03 09:22:56,WAFER_01377,LOT_056,RCP_02,TOOL_C,64.47097422595351,100.631860055608,501.6954712659577,2.319358537140174,8.200335567972445,0
2026-08-03 09:22:57,WAFER_01378,LOT_056,RCP_03,TOOL_A,65.04987397612645,101.53699700406206,502.5409652103982,1.7476922977248515,7.873786755667141,0
2026-08-03 09:22:58,WAFER_01379,LOT_056,RCP_02,TOOL_A,64.58967923987227,100.91068687909494,498.4717840974465,1.8350411712808945,8.104891471855776,0
2026-08-03 09:22:59,WAFER_01380,LOT_056,RCP_02,TOOL_B,64.95666092186873,100.68685057779642,499.0959664522874,1.9168080818510653,8.375447488496123,0
2026-08-03 09:23:00,WAFER_01381,LOT_056,RCP_02,TOOL_C,65.29502914307928,100.99005270446386,503.6431735068331,2.0432069948126275,8.139360962281124,0
2026-08-03 09:23:01,WAFER_01382,LOT_056,RCP_01,TOOL_A,65.60247604001826,101.12301575680596,507.43216646907234,1.5730119932394466,8.024003765778167,0
2026-08-03 09:23:02,WAFER_01383,LOT_056,RCP_02,TOOL_B,65.14792404258804,100.97643942685856,505.50540736244824,1.6387457866595754,8.258733009081437,0
2026-08-03 09:23:03,WAFER_01384,LOT_056,RCP_03,TOOL_A,65.23607381309446,101.66087836307021,502.97940512999367,1.751792911490403,7.790449141646743,0
2026-08-03 09:23:04,WAFER_01385,LOT_056,RCP_03,TOOL_A,64.45052420305767,101.00158311479842,500.13005714374486,1.9324414278440603,7.995779329067908,0
2026-08-03 09:23:05,WAFER_01386,LOT_056,RCP_01,TOOL_A,65.03388299620032,101.95930873991406,500.7759599827891,2.0517954991144203,7.98974118716633,0
2026-08-03 09:23:06,WAFER_01387,LOT_056,RCP_02,TOOL_B,65.01236969297359,100.59647733952636,497.21202291811545,1.5287905582530759,7.64595028653825,0
2026-08-03 09:23:07,WAFER_01388,LOT_056,RCP_01,TOOL_C,65.08780580169869,101.91386350380786,494.6417801711802,2.0005309972140033,8.395494674586718,1
2026-08-03 09:23:08,WAFER_01389,LOT_056,RCP_03,TOOL_A,66.4609953428976,100.91372596367546,495.8308460762882,1.7284275005873497,8.008517063223197,0
2026-08-03 09:23:09,WAFER_01390,LOT_056,RCP_01,TOOL_A,65.59548634217268,101.29961497163609,500.1842601277312,1.9589434064613287,8.149872747390935,0
2026-08-03 09:23:10,WAFER_01391,LOT_056,RCP_03,TOOL_A,65.82682924075999,101.11372547687834,498.9196286327213,1.6943778929223,7.679540651841608,0
2026-08-03 09:23:11,WAFER_01392,LOT_056,RCP_03,TOOL_A,64.98820297756563,101.16938310481561,494.5630656925372,1.7140535330105058,8.002692004020531,0
2026-08-03 09:23:12,WAFER_01393,LOT_056,RCP_01,TOOL_B,64.75376252038556,101.6045157498151,499.861903497516,1.5176014845699553,8.373068197187068,0
2026-08-03 09:23:13,WAFER_01394,LOT_056,RCP_01,TOOL_B,64.95447458867432,101.86993418294695,498.821807799476,1.8966814631946518,8.560924954616317,0
2026-08-03 09:23:14,WAFER_01395,LOT_056,RCP_03,TOOL_B,65.07780458047503,101.75239938788314,495.6604592354489,1.7677201850806892,8.345634902622335,0
2026-08-03 09:23:15,WAFER_01396,LOT_056,RCP_01,TOOL_A,65.24022297199285,101.1461545937101,498.6303376607057,1.6691909930040807,7.682190693474435,0
2026-08-03 09:23:16,WAFER_01397,LOT_056,RCP_02,TOOL_B,65.17131624762354,101.17001698451372,498.81247389734955,1.7480973551035808,8.12178422415178,0
2026-08-03 09:23:17,WAFER_01398,LOT_056,RCP_03,TOOL_A,64.92761225933376,101.00281040800601,497.71844258227947,2.025399100386253,7.869550424760499,0
2026-08-03 09:23:18,WAFER_01399,LOT_056,RCP_02,TOOL_A,65.57447202036614,100.7232108812216,503.42867960967095,1.5990226183360314,8.076653160145078,0
2026-08-03 09:23:19,WAFER_01400,LOT_056,RCP_01,TOOL_C,65.04910896022825,100.8644056558231,492.95926422025474,1.9516680737792809,8.14150148944023,0
2026-08-03 09:23:20,WAFER_01401,LOT_057,RCP_02,TOOL_B,64.17004584956372,100.93372214334603,492.65254373436943,2.0504504894931244,7.537362170699879,0
2026-08-03 09:23:21,WAFER_01402,LOT_057,RCP_01,TOOL_C,64.97535542799442,101.39485013978567,500.01215740246164,2.1351549656037716,8.256980345551046,0
2026-08-03 09:23:22,WAFER_01403,LOT_057,RCP_03,TOOL_C,65.584979098843,100.57351023929442,500.3556706007515,2.2539508193423834,8.545102728084704,0
2026-08-03 09:23:23,WAFER_01404,LOT_057,RCP_01,TOOL_B,65.46694033348915,101.2823855930193,501.4955960032702,1.8803503820011374,8.077759933977928,0
2026-08-03 09:23:24,WAFER_01405,LOT_057,RCP_01,TOOL_C,64.83801132649923,101.87608954732882,498.0057980193674,2.1129330895412104,8.458795922176876,0
2026-08-03 09:23:25,WAFER_01406,LOT_057,RCP_01,TOOL_A,65.39741036837466,101.72632620624816,496.6036819211584,1.7303401761702888,8.058414587204432,0
2026-08-03 09:23:26,WAFER_01407,LOT_057,RCP_03,TOOL_A,65.53982815364971,101.07763005091986,499.9729303090287,1.966311604496764,8.109222418208342,0
2026-08-03 09:23:27,WAFER_01408,LOT_057,RCP_01,TOOL_A,64.36877378766197,100.76918829447254,498.3661608992124,2.032467313562231,8.14296817495341,0
2026-08-03 09:23:28,WAFER_01409,LOT_057,RCP_03,TOOL_A,64.7707199487284,101.47473551645663,505.7389641972261,2.0168376694032193,7.925836014182253,0
2026-08-03 09:23:29,WAFER_01410,LOT_057,RCP_02,TOOL_A,65.5388287376717,100.21937726492115,498.8003591752768,1.5629056732704631,8.022380451583297,0
2026-08-03 09:23:30,WAFER_01411,LOT_057,RCP_03,TOOL_A,66.02407240562326,101.72185856403541,499.8032149386468,2.060982203568866,8.470679761214816,0
2026-08-03 09:23:31,WAFER_01412,LOT_057,RCP_03,TOOL_B,65.60499643059427,101.21883676600437,509.1590471165124,1.728412949160471,8.038348377830307,0
2026-08-03 09:23:32,WAFER_01413,LOT_057,RCP_03,TOOL_B,66.16793922616641,101.9958941218194,499.27938716109645,1.6489940924910331,8.011492144042558,1
2026-08-03 09:23:33,WAFER_01414,LOT_057,RCP_03,TOOL_B,65.95717272753997,100.64375311548093,502.05778040123664,1.7661344606463054,8.027778816951129,0
2026-08-03 09:23:34,WAFER_01415,LOT_057,RCP_01,TOOL_A,65.32814179015027,101.64889556557897,502.3913449035295,1.9662256870497465,7.941164700054621,0
2026-08-03 09:23:35,WAFER_01416,LOT_057,RCP_03,TOOL_B,65.01257048540784,101.2618066420106,502.7061860817574,1.9080928368056125,7.882453889795383,0
2026-08-03 09:23:36,WAFER_01417,LOT_057,RCP_02,TOOL_A,65.83108580049553,100.9742007980406,501.07110288202165,1.7489227176291464,8.056343201578667,0
2026-08-03 09:23:37,WAFER_01418,LOT_057,RCP_02,TOOL_A,65.25742468745997,100.57945948321938,500.7172109393189,1.967533173375595,7.863456895471029,0
2026-08-03 09:23:38,WAFER_01419,LOT_057,RCP_03,TOOL_A,65.26479738818642,101.52638420455045,500.37123687239733,1.827972116151887,7.960710969041152,0
2026-08-03 09:23:39,WAFER_01420,LOT_057,RCP_03,TOOL_A,65.12923039745345,101.55693220621521,497.86882256173504,1.685405706892125,7.786561029237903,0
2026-08-03 09:23:40,WAFER_01421,LOT_057,RCP_02,TOOL_A,65.12325621512664,101.77834856474703,501.2044195705053,1.6583929434083013,8.029163187224265,0
2026-08-03 09:23:41,WAFER_01422,LOT_057,RCP_02,TOOL_C,64.19789163927754,101.48305909988702,507.505989598471,2.202046968884324,8.507732634927526,0
2026-08-03 09:23:42,WAFER_01423,LOT_057,RCP_02,TOOL_B,65.33584317216938,100.87431977499682,504.4795230631652,1.7834964528368797,7.942782987824053,0
2026-08-03 09:23:43,WAFER_01424,LOT_057,RCP_01,TOOL_B,64.54228600894687,100.91853221822534,501.12449668223115,1.5248989693172728,7.457737822039885,0
2026-08-03 09:23:44,WAFER_01425,LOT_057,RCP_01,TOOL_A,65.17789189223566,100.7799732552615,503.1665702529922,1.9694322986139006,8.159400316894978,0
2026-08-03 09:23:45,WAFER_01426,LOT_058,RCP_01,TOOL_C,64.74962223806808,101.859825251343,496.78404913769657,2.0239449942751158,8.382449637545134,1
2026-08-03 09:23:46,WAFER_01427,LOT_058,RCP_01,TOOL_B,64.87307901789214,101.0042937719744,499.03610502946105,2.1184239295977587,7.731827508496366,0
2026-08-03 09:23:47,WAFER_01428,LOT_058,RCP_01,TOOL_A,64.63668326107278,101.8624873502091,503.507044423481,1.5194020029690578,8.208782965427284,0
2026-08-03 09:23:48,WAFER_01429,LOT_058,RCP_03,TOOL_B,65.37260987303321,101.49952737552758,505.5025186157953,1.7638582807219978,7.622425195806721,0
2026-08-03 09:23:49,WAFER_01430,LOT_058,RCP_02,TOOL_B,65.90690218208833,101.2253630950057,497.1477951632471,1.6600044631121544,8.282260056137606,0
2026-08-03 09:23:50,WAFER_01431,LOT_058,RCP_03,TOOL_A,66.11482862098335,101.18339004122709,498.2107232551343,1.6049154959245322,7.984511012695252,0
2026-08-03 09:23:51,WAFER_01432,LOT_058,RCP_02,TOOL_A,65.17014989839782,101.35105570694085,508.07109043735056,1.7026418566483248,7.387406429648121,0
2026-08-03 09:23:52,WAFER_01433,LOT_058,RCP_01,TOOL_B,64.98785875252882,101.294121110122,500.3561666241452,2.154113521807396,8.048148988561074,0
2026-08-03 09:23:53,WAFER_01434,LOT_058,RCP_01,TOOL_A,65.40521657153259,101.15969894924184,506.7464392989914,1.8286740340159007,7.890328060615447,0
2026-08-03 09:23:54,WAFER_01435,LOT_058,RCP_01,TOOL_A,65.54238578917163,101.56448181892631,500.76537207392045,1.6416583922405144,7.849650691207753,0
2026-08-03 09:23:55,WAFER_01436,LOT_058,RCP_03,TOOL_A,65.05168717654038,101.24529059849597,500.9108670446041,1.434274317932519,7.800814044406821,0
2026-08-03 09:23:56,WAFER_01437,LOT_058,RCP_01,TOOL_C,64.96282934353654,100.99663278407924,498.86968371565837,1.7757274907304628,8.315651736467835,0
2026-08-03 09:23:57,WAFER_01438,LOT_058,RCP_02,TOOL_A,64.12546004980732,101.32793417467504,503.4874540235879,1.692707371176253,7.8689990560848715,0
2026-08-03 09:23:58,WAFER_01439,LOT_058,RCP_03,TOOL_A,65.98908901292523,101.27568545086115,505.0237769361248,1.673262403172268,7.498693634339136,0
2026-08-03 09:23:59,WAFER_01440,LOT_058,RCP_03,TOOL_A,66.44121164369642,101.48578580446797,496.1704917484788,1.755189858753103,8.343458329402845,0
2026-08-03 09:24:00,WAFER_01441,LOT_058,RCP_01,TOOL_C,65.03843965981908,101.1275332538254,498.69593295678436,1.6655632399128297,8.284023432890313,0
2026-08-03 09:24:01,WAFER_01442,LOT_058,RCP_01,TOOL_B,63.979995140046555,100.84053390422123,503.38579054018464,1.7816636809906934,7.802377545712869,0
2026-08-03 09:24:02,WAFER_01443,LOT_058,RCP_01,TOOL_C,65.29226744795697,101.95932810575542,499.520670040198,2.3255459550294213,8.04532560571276,0
2026-08-03 09:24:03,WAFER_01444,LOT_058,RCP_01,TOOL_A,64.56603720024845,101.88771233609016,498.1744737664271,2.1245682494728393,8.208097658212289,0
2026-08-03 09:24:04,WAFER_01445,LOT_058,RCP_01,TOOL_A,64.68159226800105,101.63583828527955,503.7353059693168,1.4211107704165722,7.649423368343938,0
2026-08-03 09:24:05,WAFER_01446,LOT_058,RCP_02,TOOL_B,65.30075666709968,100.95263193955778,504.0827768574363,1.639721448152169,8.03617657150165,0
2026-08-03 09:24:06,WAFER_01447,LOT_058,RCP_03,TOOL_A,65.5721859802461,101.18587917019879,498.3363242645131,1.629153227805093,7.842414769494133,0
2026-08-03 09:24:07,WAFER_01448,LOT_058,RCP_02,TOOL_C,64.76570778783747,101.62528442944065,500.7857561535554,2.14914428550513,8.20813669164817,0
2026-08-03 09:24:08,WAFER_01449,LOT_058,RCP_02,TOOL_C,64.6881892963512,100.96554458572437,495.52864325515435,1.8760455064247095,8.052038926636508,0
2026-08-03 09:24:09,WAFER_01450,LOT_058,RCP_01,TOOL_B,65.060401306506,101.05962870618802,496.6867206312288,2.136452649745336,7.8325137532191516,0
2026-08-03 09:24:10,WAFER_01451,LOT_059,RCP_03,TOOL_C,65.25345653479407,102.01144917674185,500.45941135889353,2.128704494337148,8.35237934570685,0
2026-08-03 09:24:11,WAFER_01452,LOT_059,RCP_02,TOOL_B,64.46756617587056,101.08188248098672,500.11620511404544,1.7753707421401577,8.063534301114228,0
2026-08-03 09:24:12,WAFER_01453,LOT_059,RCP_03,TOOL_A,65.29036967289039,101.97200162483526,496.42255846059663,2.1185427467565554,7.787890030053596,0
2026-08-03 09:24:13,WAFER_01454,LOT_059,RCP_03,TOOL_B,65.6130044591625,100.76861107393779,497.3508964785154,1.7967904751833303,7.975447711341898,0
2026-08-03 09:24:14,WAFER_01455,LOT_059,RCP_01,TOOL_A,64.91451033592658,101.4969102554581,496.05933583116445,1.8800606812997378,8.239882696362013,0
2026-08-03 09:24:15,WAFER_01456,LOT_059,RCP_01,TOOL_C,64.32151587284088,102.0870113877023,501.68372147057886,1.9698403453415902,7.90109028962375,0
2026-08-03 09:24:16,WAFER_01457,LOT_059,RCP_01,TOOL_A,65.47475101826026,101.31130528297037,492.71973497223996,1.5258995869891234,7.998307377130198,0
2026-08-03 09:24:17,WAFER_01458,LOT_059,RCP_02,TOOL_A,63.6853705102672,100.99967829293823,496.2571642506273,1.677927673699154,7.743288334741413,0
2026-08-03 09:24:18,WAFER_01459,LOT_059,RCP_03,TOOL_B,65.23574472558636,100.8562542713126,493.10711627302044,2.2373951677889647,7.7157752735285365,0
2026-08-03 09:24:19,WAFER_01460,LOT_059,RCP_01,TOOL_A,64.70230474181412,101.7112903606854,501.55037623427455,1.9266041896573913,8.070473108509487,0
2026-08-03 09:24:20,WAFER_01461,LOT_059,RCP_03,TOOL_A,65.52112586137828,101.00735132859654,493.32988586479763,1.85490696742221,7.852782103459759,0
2026-08-03 09:24:21,WAFER_01462,LOT_059,RCP_02,TOOL_B,65.26959766774532,101.0639727474318,500.1173980345815,1.60472532196296,7.671463155916523,0
2026-08-03 09:24:22,WAFER_01463,LOT_059,RCP_01,TOOL_A,65.54084710796529,100.83088913367881,506.0662388582655,1.9822501601967693,8.357556461858897,1
2026-08-03 09:24:23,WAFER_01464,LOT_059,RCP_01,TOOL_B,64.65804566079096,101.89161994803702,506.1917057307023,1.5284613451372417,8.248424168869594,0
2026-08-03 09:24:24,WAFER_01465,LOT_059,RCP_02,TOOL_A,65.28155952192007,101.53885641807575,493.31814199403834,1.4865887100635238,7.478277391783024,0
2026-08-03 09:24:25,WAFER_01466,LOT_059,RCP_02,TOOL_A,65.0939928261831,101.087997795299,501.10411552603455,1.6882225754236708,7.601904405439441,0
2026-08-03 09:24:26,WAFER_01467,LOT_059,RCP_02,TOOL_A,64.17846109991206,100.66142340447696,496.34080620339233,2.1908981823922895,8.160233409256044,0
2026-08-03 09:24:27,WAFER_01468,LOT_059,RCP_01,TOOL_B,65.91225932260838,101.8836446787122,495.58539666787203,2.179578846478522,7.923084065079883,0
2026-08-03 09:24:28,WAFER_01469,LOT_059,RCP_02,TOOL_C,64.3093879389247,100.96094594372208,499.5801611687567,2.029752614349891,8.755155153975839,0
2026-08-03 09:24:29,WAFER_01470,LOT_059,RCP_01,TOOL_A,65.20135869070866,100.88002216048935,504.54467728065254,1.6651601963604032,8.166410827606073,0
2026-08-03 09:24:30,WAFER_01471,LOT_059,RCP_03,TOOL_C,65.63718077321492,100.63039515526043,502.21873783461535,1.7919275918880442,8.430855691440579,0
2026-08-03 09:24:31,WAFER_01472,LOT_059,RCP_01,TOOL_B,65.13230565551795,101.05453324988036,497.3539785646133,1.8156061451040169,7.724097073207132,0
2026-08-03 09:24:32,WAFER_01473,LOT_059,RCP_01,TOOL_B,64.76260309656243,100.74723751343862,502.608625790417,1.832402550397624,8.132688879613408,0
2026-08-03 09:24:33,WAFER_01474,LOT_059,RCP_02,TOOL_B,65.39708127254744,100.86332808212133,491.6982791720378,1.9579112508393826,7.655543732217374,0
2026-08-03 09:24:34,WAFER_01475,LOT_059,RCP_02,TOOL_B,64.25102361250731,101.38287531880512,497.214100545797,1.9821415026650329,8.35241602402072,0
2026-08-03 09:24:35,WAFER_01476,LOT_060,RCP_02,TOOL_C,64.96840218143652,100.9573479376894,496.9516012846054,2.0805156164670735,8.463977419034926,0
2026-08-03 09:24:36,WAFER_01477,LOT_060,RCP_02,TOOL_B,64.72934015525482,101.2351634852032,500.28978655943405,1.911205574951917,7.77729574427545,0
2026-08-03 09:24:37,WAFER_01478,LOT_060,RCP_03,TOOL_B,65.12489698780783,101.02513282937775,499.249536534458,1.6598722264306929,8.217262905595724,0
2026-08-03 09:24:38,WAFER_01479,LOT_060,RCP_02,TOOL_A,65.2057989379777,101.1247642452184,499.4765569536064,1.9074085066721371,8.60521172006681,0
2026-08-03 09:24:39,WAFER_01480,LOT_060,RCP_02,TOOL_A,65.51718970050545,101.82994231239269,499.3535377386073,1.6985535843630883,7.941243383051448,0
2026-08-03 09:24:40,WAFER_01481,LOT_060,RCP_02,TOOL_B,64.8352372343183,100.96757529034977,500.08290679165964,1.8918917031933877,8.148611561216649,0
2026-08-03 09:24:41,WAFER_01482,LOT_060,RCP_01,TOOL_A,65.37472692316437,101.44608318629547,501.99848457774544,1.875700265057073,7.88340608368343,0
2026-08-03 09:24:42,WAFER_01483,LOT_060,RCP_02,TOOL_A,65.02387551941341,100.50509965356198,500.55252479657884,1.8137607251390129,8.023045098756953,0
2026-08-03 09:24:43,WAFER_01484,LOT_060,RCP_01,TOOL_A,64.57148853956575,101.8776403265184,498.9478982785631,1.9589079436318708,7.5930466687915095,0
2026-08-03 09:24:44,WAFER_01485,LOT_060,RCP_02,TOOL_A,64.87618299524429,100.91866148100094,501.4864686352777,1.485920185727863,7.999857031353416,0
2026-08-03 09:24:45,WAFER_01486,LOT_060,RCP_01,TOOL_B,64.85624677242002,101.69920278696446,503.0566571115152,1.587016756355812,8.011765879054265,0
2026-08-03 09:24:46,WAFER_01487,LOT_060,RCP_03,TOOL_B,65.11560324199739,101.25319148761162,497.9427042043263,1.745988065289393,8.485729399748083,0
2026-08-03 09:24:47,WAFER_01488,LOT_060,RCP_02,TOOL_A,65.2056718057548,101.3324001587079,499.7802098965111,1.5113473224653355,7.515349159570095,0
2026-08-03 09:24:48,WAFER_01489,LOT_060,RCP_03,TOOL_A,65.56263017009829,101.55498472234018,504.29905428327237,1.718627097089059,7.9241614660409,0
2026-08-03 09:24:49,WAFER_01490,LOT_060,RCP_02,TOOL_A,64.23648814483067,100.92807267098516,495.9197854941108,1.72507394098449,8.347791648814379,1
2026-08-03 09:24:50,WAFER_01491,LOT_060,RCP_01,TOOL_A,64.20726752228511,101.7149244455895,506.677398126147,2.061936757333339,7.934721696134336,0
2026-08-03 09:24:51,WAFER_01492,LOT_060,RCP_03,TOOL_B,65.65384853753876,101.01158575168262,495.0451265934636,1.8285067404582924,7.953737786094051,0
2026-08-03 09:24:52,WAFER_01493,LOT_060,RCP_02,TOOL_B,64.60866251417862,101.39561500361046,498.7221509385425,2.0058859152127755,7.775020063281813,0
2026-08-03 09:24:53,WAFER_01494,LOT_060,RCP_03,TOOL_B,65.59497975444816,101.15172198821672,496.48429701155874,1.8603349437619436,7.748196547329055,0
2026-08-03 09:24:54,WAFER_01495,LOT_060,RCP_02,TOOL_B,65.37484715749241,101.23283202048017,508.0953298884167,1.692866545753587,7.507019483225049,0
2026-08-03 09:24:55,WAFER_01496,LOT_060,RCP_02,TOOL_C,64.38994263804533,100.92444265910538,498.1376048932655,2.1467433615493023,8.180111883136078,0
2026-08-03 09:24:56,WAFER_01497,LOT_060,RCP_03,TOOL_B,64.77246211780343,101.3189908703885,498.1468877208444,1.9458852667864346,7.732874135119727,1
2026-08-03 09:24:57,WAFER_01498,LOT_060,RCP_02,TOOL_B,65.80372720754974,100.69161639335712,498.6282296622223,2.0386802652885163,8.03187048508741,0
2026-08-03 09:24:58,WAFER_01499,LOT_060,RCP_01,TOOL_B,65.16875397582199,101.39407165418174,500.3537303892076,1.7735379874131134,7.787329585345592,0
2026-08-03 09:24:59,WAFER_01500,LOT_060,RCP_02,TOOL_A,64.79876448479683,101.11679137728464,498.7847654180533,1.4704978712294112,7.870510434036903,0
2026-08-03 09:25:00,WAFER_01501,LOT_061,RCP_02,TOOL_C,64.55170858272979,100.89474164945246,499.50831882289714,1.7764395485156197,8.227904543874432,0
2026-08-03 09:25:01,WAFER_01502,LOT_061,RCP_03,TOOL_A,65.20498839252451,101.27908937277168,486.94192317381214,1.7347174779766226,7.986995400781599,0
2026-08-03 09:25:02,WAFER_01503,LOT_061,RCP_01,TOOL_A,64.42852527866562,101.3509217009438,500.21149139320676,1.3324196997704054,7.857298990770693,0
2026-08-03 09:25:03,WAFER_01504,LOT_061,RCP_02,TOOL_C,65.42403784356348,100.86578431975926,500.0658844995006,2.479020893147366,8.063317755716975,1
2026-08-03 09:25:04,WAFER_01505,LOT_061,RCP_03,TOOL_B,65.07715944626896,101.25107174122272,503.8427045504259,1.9193866462799467,8.023156939865917,0
2026-08-03 09:25:05,WAFER_01506,LOT_061,RCP_02,TOOL_A,65.5248966023438,100.71789026245992,504.8435255086338,1.672866598100551,8.288220468391446,0
2026-08-03 09:25:06,WAFER_01507,LOT_061,RCP_02,TOOL_A,64.80769811851039,101.99137855480518,499.30548017285037,1.578070481198241,8.034685872863509,0
2026-08-03 09:25:07,WAFER_01508,LOT_061,RCP_02,TOOL_A,64.49919191186369,101.5024650908791,503.02004760219364,2.005623819195222,7.835348481675572,0
2026-08-03 09:25:08,WAFER_01509,LOT_061,RCP_01,TOOL_B,64.79537523775338,101.40377576014,495.92419551235423,1.5772725688697988,7.966750470624722,0
2026-08-03 09:25:09,WAFER_01510,LOT_061,RCP_02,TOOL_A,63.74039994679932,101.54540291244113,502.8391666679756,1.5963546472797896,7.4463291520037345,0
2026-08-03 09:25:10,WAFER_01511,LOT_061,RCP_01,TOOL_C,64.94203108319648,100.54788405886016,497.8818395432021,1.9668108119946617,8.312361257624506,0
2026-08-03 09:25:11,WAFER_01512,LOT_061,RCP_01,TOOL_C,64.91834278825752,100.32808169962307,495.6166193679188,2.142817482914865,8.241904320345572,0
2026-08-03 09:25:12,WAFER_01513,LOT_061,RCP_02,TOOL_B,65.39587651834303,100.94826939653503,499.313321890645,1.9241594878294797,7.747965703338242,0
2026-08-03 09:25:13,WAFER_01514,LOT_061,RCP_02,TOOL_B,64.09457363456798,100.5761456254312,505.1817480546318,2.0385344466831326,7.796933444870368,0
2026-08-03 09:25:14,WAFER_01515,LOT_061,RCP_03,TOOL_A,66.0076958532145,101.21008990070963,500.6697204859041,2.00899425978934,7.889236684584295,0
2026-08-03 09:25:15,WAFER_01516,LOT_061,RCP_01,TOOL_A,65.39388766159888,101.37814952342606,505.53700614641,1.8001547418469483,8.267963734521752,0
2026-08-03 09:25:16,WAFER_01517,LOT_061,RCP_01,TOOL_B,65.60098091057536,101.64975750936944,497.2296889588815,2.0041043947512667,8.294856312530625,0
2026-08-03 09:25:17,WAFER_01518,LOT_061,RCP_03,TOOL_A,65.42469373951802,100.86745968597542,503.8770490868276,1.665800077204728,7.749406206379391,1
2026-08-03 09:25:18,WAFER_01519,LOT_061,RCP_01,TOOL_A,65.48667048036933,101.45185966074082,497.5870078622233,1.4358267971076066,7.860119109224284,0
2026-08-03 09:25:19,WAFER_01520,LOT_061,RCP_01,TOOL_A,64.29380286324468,101.30546808339784,500.83371608451006,1.6657737856578985,7.867000711532084,0
2026-08-03 09:25:20,WAFER_01521,LOT_061,RCP_01,TOOL_A,65.34226283129817,101.43205353777456,500.80172646603984,1.6387478971447424,8.218577289198533,0
2026-08-03 09:25:21,WAFER_01522,LOT_061,RCP_02,TOOL_A,64.62984187419202,100.90248665871363,502.4475194155194,1.6736025856401646,8.039286769210536,0
2026-08-03 09:25:22,WAFER_01523,LOT_061,RCP_03,TOOL_B,64.65732712043699,101.8255913531476,500.9277402936719,1.608125054151622,8.025053262913081,0
2026-08-03 09:25:23,WAFER_01524,LOT_061,RCP_03,TOOL_C,64.91041255128111,101.2606667135967,497.2650172100593,2.0277780844840576,8.49479090562372,0
2026-08-03 09:25:24,WAFER_01525,LOT_061,RCP_02,TOOL_B,65.00265494654205,101.77418924493142,503.2571357227425,1.9240034428187156,7.838968379729049,0
2026-08-03 09:25:25,WAFER_01526,LOT_062,RCP_01,TOOL_C,64.60433638005556,100.99965231160076,506.40712939900396,2.4630514205325142,8.718249375075596,0
2026-08-03 09:25:26,WAFER_01527,LOT_062,RCP_01,TOOL_A,65.18051529521398,101.58227438918311,497.83992733765234,1.4549307051481954,7.9995289424965454,0
2026-08-03 09:25:27,WAFER_01528,LOT_062,RCP_02,TOOL_C,64.13204597359807,101.07732597738699,493.2096413171534,1.8624530746198513,8.118903639528183,0
2026-08-03 09:25:28,WAFER_01529,LOT_062,RCP_01,TOOL_B,63.97899317906439,101.17545788166663,501.847482402909,1.6417107482543665,7.937997134174584,0
2026-08-03 09:25:29,WAFER_01530,LOT_062,RCP_01,TOOL_A,65.65874596838891,101.54027982937767,498.77463254200705,1.9531483754873187,8.332620647536125,0
2026-08-03 09:25:30,WAFER_01531,LOT_062,RCP_01,TOOL_C,65.43382406211269,101.18631407790795,499.5149194329654,2.07901051140539,8.235211623284382,0
2026-08-03 09:25:31,WAFER_01532,LOT_062,RCP_01,TOOL_A,64.49633751876138,100.2884531718802,502.05785769620474,1.6551781553792755,8.256380605742105,0
2026-08-03 09:25:32,WAFER_01533,LOT_062,RCP_02,TOOL_A,64.99856017113414,99.93611011319376,498.31134800964526,1.9433466015410843,7.8311566359516895,0
2026-08-03 09:25:33,WAFER_01534,LOT_062,RCP_02,TOOL_A,65.48936338889663,101.58352042090793,499.0052477060284,1.9912780532683938,7.793270801870127,0
2026-08-03 09:25:34,WAFER_01535,LOT_062,RCP_01,TOOL_A,65.20121629197949,101.76749821399429,499.62955778733465,1.796248008115274,8.178091300860459,0
2026-08-03 09:25:35,WAFER_01536,LOT_062,RCP_02,TOOL_A,65.07114708616807,101.81718955957726,505.43808957054455,1.6367561546758913,7.76402740862565,0
2026-08-03 09:25:36,WAFER_01537,LOT_062,RCP_03,TOOL_B,65.97567395903005,101.29333926565278,500.11125753522026,1.8540559134470787,8.222085867543658,0
2026-08-03 09:25:37,WAFER_01538,LOT_062,RCP_02,TOOL_C,64.64925801190341,100.6087987752408,495.42800775098465,2.0733463583094864,8.444939019736305,1
2026-08-03 09:25:38,WAFER_01539,LOT_062,RCP_03,TOOL_A,65.46496565535902,101.14055813979262,495.5752496197779,1.751797351242908,7.76412963769375,0
2026-08-03 09:25:39,WAFER_01540,LOT_062,RCP_02,TOOL_B,64.99143265361965,101.10434131583729,500.5151507101405,1.6975199562796328,7.980710459121529,0
2026-08-03 09:25:40,WAFER_01541,LOT_062,RCP_03,TOOL_A,65.3190742171179,100.91732547477166,495.8211163974434,1.9849966494644178,7.851830941548925,0
2026-08-03 09:25:41,WAFER_01542,LOT_062,RCP_01,TOOL_C,64.81289335451804,101.92645839473006,494.2194770983806,2.1699760452653587,8.444223670300646,0
2026-08-03 09:25:42,WAFER_01543,LOT_062,RCP_01,TOOL_A,65.03497675415768,102.15101109426462,502.35148316645586,2.007140176377926,8.509705526137964,0
2026-08-03 09:25:43,WAFER_01544,LOT_062,RCP_01,TOOL_A,65.01651559807306,101.48174666627746,502.532644090614,2.067265229095625,7.899909757220396,0
2026-08-03 09:25:44,WAFER_01545,LOT_062,RCP_02,TOOL_B,64.49675473158342,101.09587177625468,498.63789482459276,1.891796153773328,8.144119593941797,0
2026-08-03 09:25:45,WAFER_01546,LOT_062,RCP_01,TOOL_B,65.38486203675221,100.80791254817971,501.0865393772613,1.6987045770229696,8.00659897325023,0
2026-08-03 09:25:46,WAFER_01547,LOT_062,RCP_01,TOOL_B,64.5313351002722,101.8876448805393,500.69605008352335,2.008065246443957,8.006495579827059,0
2026-08-03 09:25:47,WAFER_01548,LOT_062,RCP_03,TOOL_B,65.34524794661736,101.32899658812264,502.22895172808563,1.893132940455671,7.955394617402488,0
2026-08-03 09:25:48,WAFER_01549,LOT_062,RCP_01,TOOL_B,64.85826537309437,101.19011752860396,502.23757464457725,2.3206735553615276,7.76849728948508,0
2026-08-03 09:25:49,WAFER_01550,LOT_062,RCP_01,TOOL_A,65.17188973407643,101.48284615369631,490.3585822261493,1.8620205776989374,8.090487786306262,0
2026-08-03 09:25:50,WAFER_01551,LOT_063,RCP_01,TOOL_A,63.98283010869568,101.07742961898411,499.11015385361515,1.9395376078028168,7.922039727521765,0
2026-08-03 09:25:51,WAFER_01552,LOT_063,RCP_02,TOOL_A,65.42763671116614,101.15581256578629,501.9162454962591,1.8580847782592065,7.755703977390544,0
2026-08-03 09:25:52,WAFER_01553,LOT_063,RCP_01,TOOL_A,64.67504463314616,100.75186259667865,498.48131061315564,1.7801802816263763,8.27382678080704,0
2026-08-03 09:25:53,WAFER_01554,LOT_063,RCP_01,TOOL_A,65.58558238149298,101.71309313191593,500.1339497652614,1.7482416900824869,8.026732598129632,0
2026-08-03 09:25:54,WAFER_01555,LOT_063,RCP_01,TOOL_B,64.77048083623225,101.26032380436844,502.7775899322089,1.8588487689317135,7.938413281517326,0
2026-08-03 09:25:55,WAFER_01556,LOT_063,RCP_03,TOOL_A,65.42655507884768,101.74034432704092,500.299423363033,1.904235150362771,8.3618152859815,0
2026-08-03 09:25:56,WAFER_01557,LOT_063,RCP_03,TOOL_B,66.36861729923285,101.22356825242018,505.57930184376903,2.030877579928885,7.504257985406091,1
2026-08-03 09:25:57,WAFER_01558,LOT_063,RCP_02,TOOL_B,64.86687765977904,101.04824411066208,504.16984913344015,1.861770111660753,8.343661617006854,0
2026-08-03 09:25:58,WAFER_01559,LOT_063,RCP_02,TOOL_B,65.59464794464326,100.63931937724905,499.5613126340057,1.7074221649149544,7.7623492537332215,0
2026-08-03 09:25:59,WAFER_01560,LOT_063,RCP_03,TOOL_B,65.46874164107099,101.5887076497469,499.2672291683183,1.7346292006802033,8.05711378564219,0
2026-08-03 09:26:00,WAFER_01561,LOT_063,RCP_03,TOOL_A,65.64940103854087,100.96718081747122,489.45380081075496,1.5354126114193638,7.841222786387408,0
2026-08-03 09:26:01,WAFER_01562,LOT_063,RCP_02,TOOL_A,65.03358012291746,100.91515949818428,498.79194187150506,2.132242768714462,7.750789719077845,0
2026-08-03 09:26:02,WAFER_01563,LOT_063,RCP_03,TOOL_B,65.85696878062406,101.30039793071136,494.99290509697107,1.6917652772958303,8.354749362011477,0
2026-08-03 09:26:03,WAFER_01564,LOT_063,RCP_03,TOOL_B,65.12094482583053,101.34606518980195,500.8185493054023,1.9934880920275813,8.501178473196727,0
2026-08-03 09:26:04,WAFER_01565,LOT_063,RCP_03,TOOL_A,64.97765670895079,100.65168316271725,500.565621631144,1.8553101714885067,7.940269074324209,0
2026-08-03 09:26:05,WAFER_01566,LOT_063,RCP_02,TOOL_A,64.69348342861903,101.01229377111454,502.5746662972991,1.8607463661678814,8.09057816959246,0
2026-08-03 09:26:06,WAFER_01567,LOT_063,RCP_01,TOOL_B,65.04786098063556,101.6021874830846,505.1676807462083,1.7765104249455326,8.015387637948875,0
2026-08-03 09:26:07,WAFER_01568,LOT_063,RCP_01,TOOL_B,64.89400698293584,101.15623154688092,499.9028031102137,1.6424402222746655,8.467236846085271,0
2026-08-03 09:26:08,WAFER_01569,LOT_063,RCP_02,TOOL_A,65.34093194070617,101.01460193339894,508.4375403541158,1.606292919901605,7.429449379187545,0
2026-08-03 09:26:09,WAFER_01570,LOT_063,RCP_02,TOOL_A,65.62627121591433,101.16171429932022,500.86007034731364,2.1456930777609875,8.10182332914296,0
2026-08-03 09:26:10,WAFER_01571,LOT_063,RCP_02,TOOL_C,64.53159759812719,101.05213503563213,495.15219934324847,2.1427922157674493,8.153675895181138,0
2026-08-03 09:26:11,WAFER_01572,LOT_063,RCP_02,TOOL_A,64.64770458002532,100.70840410909271,497.92033406209254,2.0250535492375303,7.363889714202782,0
2026-08-03 09:26:12,WAFER_01573,LOT_063,RCP_02,TOOL_C,64.31060507920984,101.08618847300657,498.6208372088611,2.39698138752905,8.252656873694105,0
2026-08-03 09:26:13,WAFER_01574,LOT_063,RCP_03,TOOL_A,66.42457903556438,101.67774780460223,502.1908704592675,1.7178306139801571,8.49897317354585,0
2026-08-03 09:26:14,WAFER_01575,LOT_063,RCP_01,TOOL_B,65.14624135957848,100.9005531400385,496.4951753691516,1.8847011531855689,7.822866718591892,0
2026-08-03 09:26:15,WAFER_01576,LOT_064,RCP_01,TOOL_A,65.23030511362475,101.15769688199539,498.89748923360526,1.8090021550982696,8.213506686772446,0
2026-08-03 09:26:16,WAFER_01577,LOT_064,RCP_03,TOOL_A,64.8066999751851,100.77498009690467,499.4041509610545,1.5685572393966223,8.32364149320711,0
2026-08-03 09:26:17,WAFER_01578,LOT_064,RCP_03,TOOL_C,65.44943840527671,101.65772514118633,498.3419530116745,2.0829040048191487,8.346571863292729,0
2026-08-03 09:26:18,WAFER_01579,LOT_064,RCP_03,TOOL_B,65.69443903251829,101.26490388140161,503.002236912215,1.9175013180478455,8.032523016971048,0
2026-08-03 09:26:19,WAFER_01580,LOT_064,RCP_03,TOOL_C,65.32867630854348,100.97692413922977,502.3728891373218,2.0201941489978283,7.886599565233899,0
2026-08-03 09:26:20,WAFER_01581,LOT_064,RCP_03,TOOL_A,65.96633869991668,101.3350609280544,504.31629839988466,1.7350313609256278,7.806635756943385,0
2026-08-03 09:26:21,WAFER_01582,LOT_064,RCP_01,TOOL_C,66.10967894030856,100.84263191833972,498.7752068298886,2.085326628922871,8.594892058569098,1
2026-08-03 09:26:22,WAFER_01583,LOT_064,RCP_02,TOOL_C,64.5454098429949,100.70727169804503,504.4493520002972,2.5423058662620206,8.366383356200007,1
2026-08-03 09:26:23,WAFER_01584,LOT_064,RCP_01,TOOL_B,64.50939812193118,100.74514925865633,494.95321078188493,1.433190212579112,8.099182189189793,0
2026-08-03 09:26:24,WAFER_01585,LOT_064,RCP_02,TOOL_A,64.57867708854629,100.69462388972818,494.86297808633753,1.9003286598054518,8.035952546514423,0
2026-08-03 09:26:25,WAFER_01586,LOT_064,RCP_03,TOOL_B,66.22097559680792,101.81578828191992,495.5089337614625,1.749332184549567,8.591841064960036,0
2026-08-03 09:26:26,WAFER_01587,LOT_064,RCP_01,TOOL_B,65.50033055217425,101.02141503411261,500.0340832627387,1.6718690182995133,7.883759645579078,0
2026-08-03 09:26:27,WAFER_01588,LOT_064,RCP_02,TOOL_C,64.93494664745904,101.27716554660756,504.44879903133767,2.064424858568747,8.783460711606303,0
2026-08-03 09:26:28,WAFER_01589,LOT_064,RCP_01,TOOL_A,65.01754863891242,100.98220546041675,497.7720743016334,1.9334752487666846,8.036045869995817,0
2026-08-03 09:26:29,WAFER_01590,LOT_064,RCP_01,TOOL_A,64.60805905942557,101.58862282339003,498.2362344016316,1.9449047188041122,8.457433723136816,0
2026-08-03 09:26:30,WAFER_01591,LOT_064,RCP_01,TOOL_A,65.42721303571673,100.9100888396461,499.20073356535545,1.8372034244869506,7.669255915900299,0
2026-08-03 09:26:31,WAFER_01592,LOT_064,RCP_01,TOOL_B,64.81764712442789,101.31490661254946,502.1194640565343,2.0185482632913256,8.049856096060333,0
2026-08-03 09:26:32,WAFER_01593,LOT_064,RCP_03,TOOL_C,65.3251632610616,101.3200834977502,498.23278637758807,2.373766599020115,8.243704568340663,0
2026-08-03 09:26:33,WAFER_01594,LOT_064,RCP_02,TOOL_A,65.29221909033404,101.98456602784209,498.02635725570894,1.963275188390123,8.03765753067951,0
2026-08-03 09:26:34,WAFER_01595,LOT_064,RCP_03,TOOL_B,65.35976242972005,101.53956160943245,495.02203752557654,1.6907615097705562,8.330041590919855,0
2026-08-03 09:26:35,WAFER_01596,LOT_064,RCP_02,TOOL_C,64.88721632312104,100.87469647455487,497.88463188864466,2.2188883098425753,8.452278593446644,0
2026-08-03 09:26:36,WAFER_01597,LOT_064,RCP_01,TOOL_A,65.00507609865396,101.5603186061872,504.3566084858607,1.8998401318277138,8.329503326307274,0
2026-08-03 09:26:37,WAFER_01598,LOT_064,RCP_01,TOOL_A,65.38177059862068,102.11250629878438,500.33642623137035,1.6368737132706896,7.819040304816035,0
2026-08-03 09:26:38,WAFER_01599,LOT_064,RCP_03,TOOL_B,66.24031667623224,100.68073828561596,497.2625383120827,1.4861122211891484,7.777834696468597,0
2026-08-03 09:26:39,WAFER_01600,LOT_064,RCP_01,TOOL_B,65.28103339147812,100.97985682382388,504.57373269909704,1.3954448757250888,8.004348369747062,0
2026-08-03 09:26:40,WAFER_01601,LOT_065,RCP_03,TOOL_A,65.83559082733966,101.20997892753695,497.8347100423773,1.8139710980224304,7.989563911834407,0
2026-08-03 09:26:41,WAFER_01602,LOT_065,RCP_01,TOOL_C,64.90407005019146,101.14150647368605,505.25383564408514,2.1796079429733837,8.299817970417468,0
2026-08-03 09:26:42,WAFER_01603,LOT_065,RCP_02,TOOL_B,64.66025702567902,100.97355245463464,505.1933458182304,1.5636436844695172,7.741169434068915,0
2026-08-03 09:26:43,WAFER_01604,LOT_065,RCP_03,TOOL_C,65.76391339147285,100.80439173907456,500.2072430175863,2.3292064665102723,8.67363592926001,1
2026-08-03 09:26:44,WAFER_01605,LOT_065,RCP_01,TOOL_C,65.08219559580827,101.83350330034901,494.45536674872477,2.1504436298592826,8.252033955828958,0
2026-08-03 09:26:45,WAFER_01606,LOT_065,RCP_01,TOOL_C,64.31713824860012,100.75940873257888,508.4711522767793,2.3898905229830705,8.735041092997424,1
2026-08-03 09:26:46,WAFER_01607,LOT_065,RCP_03,TOOL_B,65.29252658075572,101.22391913234345,501.4329214081788,1.8741071739967183,8.003440708605096,0
2026-08-03 09:26:47,WAFER_01608,LOT_065,RCP_01,TOOL_A,64.96020942872886,101.69741562486907,498.8016180085338,1.5867332856241698,8.175075811319791,0
2026-08-03 09:26:48,WAFER_01609,LOT_065,RCP_02,TOOL_B,64.75498022382634,101.08852975428456,503.53767328466773,1.89165624265803,8.150581603600195,0
2026-08-03 09:26:49,WAFER_01610,LOT_065,RCP_02,TOOL_A,65.71123308538021,100.72783021657695,502.598520311979,1.9340221389744203,7.77744582010527,0
2026-08-03 09:26:50,WAFER_01611,LOT_065,RCP_01,TOOL_B,65.23032273771307,100.7875032505779,504.8504718945798,1.6904752828225988,8.099144788819173,0
2026-08-03 09:26:51,WAFER_01612,LOT_065,RCP_03,TOOL_A,66.10912396058656,101.21260030550944,497.5493131818844,1.511581400538025,8.52064989500612,0
2026-08-03 09:26:52,WAFER_01613,LOT_065,RCP_03,TOOL_B,65.57644412559304,101.01232876497681,501.1783516272653,1.8200592128613213,8.067935308337097,0
2026-08-03 09:26:53,WAFER_01614,LOT_065,RCP_01,TOOL_A,65.03906616148404,101.37798781484713,495.61228014809376,1.599831072936763,8.243344719681112,0
2026-08-03 09:26:54,WAFER_01615,LOT_065,RCP_03,TOOL_A,65.00043304754708,100.7674485638648,502.46543726424255,2.024177532612226,8.18718339803989,0
2026-08-03 09:26:55,WAFER_01616,LOT_065,RCP_01,TOOL_A,65.00572617593436,101.6089535800173,499.9151021323794,1.7185646639146814,8.082903407758547,0
2026-08-03 09:26:56,WAFER_01617,LOT_065,RCP_01,TOOL_B,65.00626588432421,101.34390881880249,501.0397342453012,2.14492022129866,8.050349253785681,0
2026-08-03 09:26:57,WAFER_01618,LOT_065,RCP_02,TOOL_B,64.34378533566357,101.17213782985394,499.45850602179024,1.3751682664962328,8.147775200962752,0
2026-08-03 09:26:58,WAFER_01619,LOT_065,RCP_03,TOOL_A,65.19102681451021,101.84760917573121,499.0713413638231,1.8269591208290297,8.206086287548416,0
2026-08-03 09:26:59,WAFER_01620,LOT_065,RCP_01,TOOL_C,64.84482435271215,101.13363771061869,496.78754465614554,2.405878528020264,7.98491570459621,0
2026-08-03 09:27:00,WAFER_01621,LOT_065,RCP_01,TOOL_C,65.19847018114675,101.02418965600137,502.92459179433166,1.9419391368225407,8.416771780056042,0
2026-08-03 09:27:01,WAFER_01622,LOT_065,RCP_02,TOOL_A,65.22144805375314,100.89184982122818,505.51190493594333,1.768159812874593,7.950298972198224,0
2026-08-03 09:27:02,WAFER_01623,LOT_065,RCP_03,TOOL_B,65.1709671286567,101.22683990358117,497.9403270720327,1.7193928571271913,7.894287752214039,0
2026-08-03 09:27:03,WAFER_01624,LOT_065,RCP_01,TOOL_A,65.2250574092201,101.2654333399793,502.048099868393,1.6632464715695434,8.349910382337715,0
2026-08-03 09:27:04,WAFER_01625,LOT_065,RCP_01,TOOL_A,64.91260211391271,100.98433486009132,501.5990794112429,1.8489245282228564,7.80205051302276,0
2026-08-03 09:27:05,WAFER_01626,LOT_066,RCP_02,TOOL_B,63.622582388069624,100.33122760384744,500.02996190199076,1.5409156798001793,7.6234123537163,0
2026-08-03 09:27:06,WAFER_01627,LOT_066,RCP_01,TOOL_A,64.76734302466326,101.08684697966596,494.35159578655055,1.777806243733955,8.21484338085418,0
2026-08-03 09:27:07,WAFER_01628,LOT_066,RCP_01,TOOL_C,65.51791454726835,101.43673375318902,495.18408980089083,2.223198847536915,7.96649365873045,0
2026-08-03 09:27:08,WAFER_01629,LOT_066,RCP_01,TOOL_C,64.19273323681871,101.35177815637633,497.1103667807392,2.076981257722671,7.829455368951187,0
2026-08-03 09:27:09,WAFER_01630,LOT_066,RCP_02,TOOL_C,65.05409177619946,101.55583069853381,492.0856825227838,1.919959160002845,8.59523227629729,0
2026-08-03 09:27:10,WAFER_01631,LOT_066,RCP_02,TOOL_B,65.76092538280894,101.84308488670624,505.20971370065075,2.0060370797203,8.042855007651871,0
2026-08-03 09:27:11,WAFER_01632,LOT_066,RCP_03,TOOL_B,65.08490578255497,101.58854683315421,501.36050194796496,1.94605139232337,8.12763429938957,0
2026-08-03 09:27:12,WAFER_01633,LOT_066,RCP_02,TOOL_C,65.00103155860529,101.62535784411511,499.8891441209233,1.9117625657392519,8.230544554809502,0
2026-08-03 09:27:13,WAFER_01634,LOT_066,RCP_02,TOOL_A,64.37407219653059,101.39137423105998,491.89612746870904,1.5411784869954919,7.626210344465565,0
2026-08-03 09:27:14,WAFER_01635,LOT_066,RCP_03,TOOL_A,66.23107094799852,101.9497617172524,493.2516778364245,1.6096151168012351,7.67983745232323,0
2026-08-03 09:27:15,WAFER_01636,LOT_066,RCP_02,TOOL_B,64.96000033904163,101.80332438103068,499.9913368637082,1.9090546330974432,7.926508997153554,0
2026-08-03 09:27:16,WAFER_01637,LOT_066,RCP_02,TOOL_A,65.02238088454114,101.46144276489599,507.2908128722907,1.8551145797925093,7.656451228362129,0
2026-08-03 09:27:17,WAFER_01638,LOT_066,RCP_03,TOOL_A,66.1000642234427,101.56842445564133,497.4150164752696,1.958016542489143,8.082904284902327,0
2026-08-03 09:27:18,WAFER_01639,LOT_066,RCP_01,TOOL_A,65.31750962942984,101.2220117746638,503.19605265332603,1.734769956389877,7.875136356730707,0
2026-08-03 09:27:19,WAFER_01640,LOT_066,RCP_02,TOOL_B,64.57969820840157,101.0842918332337,498.22436109160265,1.6150531524999785,8.049959732788633,0
2026-08-03 09:27:20,WAFER_01641,LOT_066,RCP_03,TOOL_A,65.13930659643809,101.1716218140869,500.2043852593688,1.9837692976828998,8.041889994621137,0
2026-08-03 09:27:21,WAFER_01642,LOT_066,RCP_01,TOOL_A,65.23756702617118,101.53607561214012,504.4943302409038,1.6893102973097673,8.104435879694622,0
2026-08-03 09:27:22,WAFER_01643,LOT_066,RCP_02,TOOL_A,64.70042189356978,100.82626774580345,498.71997896838377,1.8373096111707958,8.13486028236803,0
2026-08-03 09:27:23,WAFER_01644,LOT_066,RCP_01,TOOL_A,63.98372321018215,101.22737964028363,497.4466118402071,1.4900150321769252,7.907146840489604,0
2026-08-03 09:27:24,WAFER_01645,LOT_066,RCP_01,TOOL_C,64.97444441665324,100.40503544363224,505.2468610502616,2.00603791513544,8.399671701991133,0
2026-08-03 09:27:25,WAFER_01646,LOT_066,RCP_02,TOOL_A,64.28949792266009,101.75477416001355,500.1685639381203,2.0018792641883025,8.063722194673447,0
2026-08-03 09:27:26,WAFER_01647,LOT_066,RCP_01,TOOL_B,65.77581524171059,101.21621965861719,504.0374588351688,1.6567450866660285,7.344199616544792,0
2026-08-03 09:27:27,WAFER_01648,LOT_066,RCP_03,TOOL_B,65.53485806612632,101.4731205661879,497.4645790944767,1.9629007642903,8.174561951382062,0
2026-08-03 09:27:28,WAFER_01649,LOT_066,RCP_03,TOOL_A,65.01551597276308,101.85395894399034,505.2046945731556,1.3337960607623613,8.040484392979469,0
2026-08-03 09:27:29,WAFER_01650,LOT_066,RCP_03,TOOL_C,65.11465644096202,101.41411150622764,501.0124209157781,2.0081216680713627,8.502293193615763,0
2026-08-03 09:27:30,WAFER_01651,LOT_067,RCP_01,TOOL_B,64.09308915782051,101.8488506067955,501.60871421699426,1.7657290708243736,7.652552229229239,0
2026-08-03 09:27:31,WAFER_01652,LOT_067,RCP_01,TOOL_B,64.47225829434535,100.82813963138248,500.487028452288,2.1485080606684814,7.914741242706154,0
2026-08-03 09:27:32,WAFER_01653,LOT_067,RCP_01,TOOL_A,65.48783513721953,102.21100310404712,498.12974256661295,1.5661874239971096,7.705287046727293,0
2026-08-03 09:27:33,WAFER_01654,LOT_067,RCP_01,TOOL_A,66.07125734983634,101.71310187542572,499.9937736011686,1.934198659089418,8.201042371577476,0
2026-08-03 09:27:34,WAFER_01655,LOT_067,RCP_03,TOOL_C,65.7986703263355,101.37949694714491,498.36241611943933,2.3313863562497588,7.970618533641506,1
2026-08-03 09:27:35,WAFER_01656,LOT_067,RCP_02,TOOL_B,64.95581958146191,101.64153014639767,503.55032043178574,1.6557020705511452,7.749263208880973,0
2026-08-03 09:27:36,WAFER_01657,LOT_067,RCP_01,TOOL_C,64.79265949968612,100.85591874332404,499.24868848184593,2.0452952102454622,8.494264814633434,0
2026-08-03 09:27:37,WAFER_01658,LOT_067,RCP_03,TOOL_C,64.99088200948334,101.1903263460676,494.4629232571626,2.148325754762381,8.180068876285143,0
2026-08-03 09:27:38,WAFER_01659,LOT_067,RCP_01,TOOL_A,65.98868763168308,101.8488151506329,493.78613218053965,1.5037030065614942,7.749334522666954,0
2026-08-03 09:27:39,WAFER_01660,LOT_067,RCP_01,TOOL_B,64.9094006231051,100.59051713125992,493.61114283641444,1.7089793576277288,8.24481424597585,0
2026-08-03 09:27:40,WAFER_01661,LOT_067,RCP_01,TOOL_B,66.01550231843001,101.51297395448434,502.28649180294957,2.0552224081892834,8.255882174279805,0
2026-08-03 09:27:41,WAFER_01662,LOT_067,RCP_02,TOOL_B,65.66888936461282,101.30222694074115,495.7394340479183,1.904530962172884,8.19495922198607,0
2026-08-03 09:27:42,WAFER_01663,LOT_067,RCP_03,TOOL_A,64.6144177129538,102.04830581039242,501.1103173706027,1.7686497421033516,8.229151611963879,0
2026-08-03 09:27:43,WAFER_01664,LOT_067,RCP_01,TOOL_A,64.68034285003554,100.69847694050554,500.50532571471825,1.8226144723672968,7.9374735946867245,0
2026-08-03 09:27:44,WAFER_01665,LOT_067,RCP_03,TOOL_B,65.12885834039656,101.91165980167202,499.7605781988338,1.9161810731059543,7.9447598968481135,0
2026-08-03 09:27:45,WAFER_01666,LOT_067,RCP_03,TOOL_B,65.41167374522925,101.08740111760342,501.6220992525148,1.9544820295820227,7.825018054795927,0
2026-08-03 09:27:46,WAFER_01667,LOT_067,RCP_03,TOOL_B,65.4210491585054,101.13013640523349,500.58572308723495,1.6887171705241797,8.045286875283313,0
2026-08-03 09:27:47,WAFER_01668,LOT_067,RCP_01,TOOL_A,66.43819476579111,100.83563833295527,489.9739999517105,2.106944188655934,7.857467451622021,0
2026-08-03 09:27:48,WAFER_01669,LOT_067,RCP_01,TOOL_A,64.48293062025212,100.88661622576257,498.80258660886057,2.0632696402409323,7.883072124399717,0
2026-08-03 09:27:49,WAFER_01670,LOT_067,RCP_03,TOOL_C,65.55990556911891,101.45333849203249,501.5728815960347,2.2554515260706425,8.511973117175383,1
2026-08-03 09:27:50,WAFER_01671,LOT_067,RCP_01,TOOL_A,65.29592371638455,100.87731387238308,506.0690463997935,1.6314080268308218,8.319825596288883,0
2026-08-03 09:27:51,WAFER_01672,LOT_067,RCP_02,TOOL_A,64.99924543785478,101.3813080467881,506.2398931813552,1.5959552186458814,8.107530268652926,0
2026-08-03 09:27:52,WAFER_01673,LOT_067,RCP_03,TOOL_B,65.50288667733506,101.04807290215149,494.95634309973457,1.7346792406806815,8.484465283615494,0
2026-08-03 09:27:53,WAFER_01674,LOT_067,RCP_01,TOOL_A,64.49849173073284,100.83904715377751,498.7060163925427,1.8121530195288822,7.809510795551158,0
2026-08-03 09:27:54,WAFER_01675,LOT_067,RCP_03,TOOL_B,65.5011133734093,101.09943252438323,494.2053751892804,1.4463016268881896,7.5037468474135,0
2026-08-03 09:27:55,WAFER_01676,LOT_068,RCP_03,TOOL_A,65.6954715181637,101.42794873286739,505.6235747779073,1.8989386267090513,8.19294953018918,0
2026-08-03 09:27:56,WAFER_01677,LOT_068,RCP_02,TOOL_C,65.15724828045015,100.9946057604662,503.74756797014965,2.3774924527696943,8.141604940785383,0
2026-08-03 09:27:57,WAFER_01678,LOT_068,RCP_02,TOOL_C,65.2736964338778,101.11299984496645,501.29717518139375,2.2352948279661753,8.276103094720652,0
2026-08-03 09:27:58,WAFER_01679,LOT_068,RCP_03,TOOL_C,66.1280517923054,101.5645588354977,500.6145509866628,1.984789439439153,7.872154942267296,0
2026-08-03 09:27:59,WAFER_01680,LOT_068,RCP_02,TOOL_B,65.44974394011888,101.51132015161444,505.108335071293,1.641119320519902,7.757213233216627,0
2026-08-03 09:28:00,WAFER_01681,LOT_068,RCP_02,TOOL_A,65.03422141447876,100.98216378273601,504.48190322061254,1.8599704688348158,7.594398597523607,0
2026-08-03 09:28:01,WAFER_01682,LOT_068,RCP_03,TOOL_B,64.88755599109604,100.90319563408106,504.28476537762765,1.769339256932364,7.882738118876518,0
2026-08-03 09:28:02,WAFER_01683,LOT_068,RCP_02,TOOL_C,64.71199746813866,101.12891590199055,501.68971548119436,2.2086082348511815,8.243471096651604,0
2026-08-03 09:28:03,WAFER_01684,LOT_068,RCP_01,TOOL_B,64.89457704707964,101.47884684271955,498.7078552917976,1.920344274521127,8.024289311118016,0
2026-08-03 09:28:04,WAFER_01685,LOT_068,RCP_01,TOOL_B,65.1211259990439,100.74492438373066,502.838361878465,2.0183781057789325,8.334725200375898,0
2026-08-03 09:28:05,WAFER_01686,LOT_068,RCP_01,TOOL_B,64.7704002744803,100.96156884713712,503.0193550494439,1.5735753142140956,8.182764691522411,1
2026-08-03 09:28:06,WAFER_01687,LOT_068,RCP_02,TOOL_B,64.55084806439152,100.82670897953408,499.29464136250976,1.8443237895698625,7.56201419822317,0
2026-08-03 09:28:07,WAFER_01688,LOT_068,RCP_02,TOOL_B,64.42966462922224,101.02102756828626,498.7003790003133,1.7273049992077354,8.164164167615471,0
2026-08-03 09:28:08,WAFER_01689,LOT_068,RCP_02,TOOL_A,64.20743467565335,100.81080711662182,504.1932590973654,1.7802729912129278,8.030173768309194,0
2026-08-03 09:28:09,WAFER_01690,LOT_068,RCP_01,TOOL_B,64.8872236621882,101.56867547553682,506.15722960244756,1.972881770533749,7.973586863350254,0
2026-08-03 09:28:10,WAFER_01691,LOT_068,RCP_03,TOOL_B,64.74456058780626,100.6900493834458,497.22723561061537,1.9946251746102488,7.993871126916949,0
2026-08-03 09:28:11,WAFER_01692,LOT_068,RCP_03,TOOL_A,64.96974767160445,100.69970689506611,499.0255063008425,2.079688730076731,8.05522915558329,0
2026-08-03 09:28:12,WAFER_01693,LOT_068,RCP_01,TOOL_C,64.81092710103474,101.17312225162564,501.2984523828824,2.2051180500736534,8.163190566426337,0
2026-08-03 09:28:13,WAFER_01694,LOT_068,RCP_02,TOOL_B,64.35875969149211,101.03325193442684,501.8004162916699,1.777996641848841,7.950765268468347,0
2026-08-03 09:28:14,WAFER_01695,LOT_068,RCP_02,TOOL_A,65.18228105047938,100.54723532831392,498.0672444708072,1.7494243061099233,8.319663563450796,0
2026-08-03 09:28:15,WAFER_01696,LOT_068,RCP_02,TOOL_C,65.35530707053073,100.86943543979392,506.96902633227296,1.7730489995210663,8.159945438205106,0
2026-08-03 09:28:16,WAFER_01697,LOT_068,RCP_01,TOOL_B,64.73627503050781,101.14760334938074,501.56175248251714,2.0679470089797207,7.721930246432724,0
2026-08-03 09:28:17,WAFER_01698,LOT_068,RCP_03,TOOL_B,65.2402268923472,101.15054678013158,501.9661186113411,1.7356203172428661,7.98333901607406,0
2026-08-03 09:28:18,WAFER_01699,LOT_068,RCP_03,TOOL_A,65.70796628966676,101.35771496364993,506.5078711015935,1.901179412000582,7.694747056675786,0
2026-08-03 09:28:19,WAFER_01700,LOT_068,RCP_02,TOOL_C,64.65728235332736,100.84860002391905,498.33847198659504,2.2557993051484866,7.884848557207328,1
2026-08-03 09:28:20,WAFER_01701,LOT_069,RCP_03,TOOL_A,65.0742877224333,101.86157779400314,499.67280205716355,1.5509368981899723,7.9069938621897995,1
2026-08-03 09:28:21,WAFER_01702,LOT_069,RCP_03,TOOL_B,66.02431926952943,101.48551776309876,495.36270775262,1.615330721508073,8.39112790883226,0
2026-08-03 09:28:22,WAFER_01703,LOT_069,RCP_01,TOOL_A,65.42441011458214,100.9932968621563,499.3623032526618,2.109403981411099,7.989576894113239,0
2026-08-03 09:28:23,WAFER_01704,LOT_069,RCP_02,TOOL_B,65.28874400112508,101.13591436747967,494.4909681614392,1.8580871031367088,8.048215815501017,0
2026-08-03 09:28:24,WAFER_01705,LOT_069,RCP_02,TOOL_B,65.44430941826917,101.14712582107012,502.76704261051475,1.6838828671402968,7.424859943299196,0
2026-08-03 09:28:25,WAFER_01706,LOT_069,RCP_03,TOOL_B,64.50090621182368,101.76159416030916,501.55398797525896,1.7747305977744914,8.118293882959057,0
2026-08-03 09:28:26,WAFER_01707,LOT_069,RCP_01,TOOL_B,65.6498410624607,101.07185467701179,498.9748435639574,2.017247380966568,8.025208782553644,0
2026-08-03 09:28:27,WAFER_01708,LOT_069,RCP_02,TOOL_C,65.1881898159602,101.39158870513381,499.62843228107397,2.306862895946861,8.170472996429375,0
2026-08-03 09:28:28,WAFER_01709,LOT_069,RCP_03,TOOL_B,65.93517506432275,101.31590470079733,502.81742573619925,1.5067836475520715,8.048613627278641,0
2026-08-03 09:28:29,WAFER_01710,LOT_069,RCP_01,TOOL_A,65.18583765397585,101.86679527625053,495.7975544785074,2.1268567687343785,8.04593283663265,0
2026-08-03 09:28:30,WAFER_01711,LOT_069,RCP_03,TOOL_C,65.47348391584647,101.79053875200297,500.75542110957434,2.313229606199736,8.063938259343358,0
2026-08-03 09:28:31,WAFER_01712,LOT_069,RCP_01,TOOL_B,64.86785157806621,101.37485213574519,502.58818628389736,1.7695049501316829,8.089600506230576,0
2026-08-03 09:28:32,WAFER_01713,LOT_069,RCP_03,TOOL_C,65.62622930090538,101.2003326040139,493.4055859135932,1.881655511382656,8.67322656408233,1
2026-08-03 09:28:33,WAFER_01714,LOT_069,RCP_03,TOOL_C,65.30036100372581,101.49251024567819,502.53427062109745,2.330801728012185,8.28845580162215,1
2026-08-03 09:28:34,WAFER_01715,LOT_069,RCP_01,TOOL_C,65.41658052803125,101.23142898969168,493.8059688859322,2.2152855000589238,8.11574956534198,0
2026-08-03 09:28:35,WAFER_01716,LOT_069,RCP_03,TOOL_B,64.68850081061494,101.93851670027176,499.5649004097493,1.508440324384447,7.952053381153533,0
2026-08-03 09:28:36,WAFER_01717,LOT_069,RCP_01,TOOL_B,64.74004358633874,101.32981862970726,495.69545291484764,1.7535843849283246,8.230745562667396,0
2026-08-03 09:28:37,WAFER_01718,LOT_069,RCP_02,TOOL_A,65.9815151592688,100.94585579964512,505.2956123433731,2.4252345885584976,7.668893913389736,0
2026-08-03 09:28:38,WAFER_01719,LOT_069,RCP_02,TOOL_B,64.69948137748526,100.9253462672919,495.7186520996363,1.8033003514828843,8.156210729871729,0
2026-08-03 09:28:39,WAFER_01720,LOT_069,RCP_03,TOOL_B,65.33543181292953,100.83904647762449,493.8942973997281,1.6516058811328687,7.81693609619947,0
2026-08-03 09:28:40,WAFER_01721,LOT_069,RCP_01,TOOL_B,64.57636115199196,101.51149246867546,500.4934029239064,1.598300674938672,8.065357031972528,0
2026-08-03 09:28:41,WAFER_01722,LOT_069,RCP_01,TOOL_C,65.16120592298519,100.98839574299699,498.46929897392295,2.474419796685884,8.197630555737698,0
2026-08-03 09:28:42,WAFER_01723,LOT_069,RCP_02,TOOL_A,64.64659285273174,101.51729633583133,494.43296065394344,1.9695518979155375,7.846905422127978,0
2026-08-03 09:28:43,WAFER_01724,LOT_069,RCP_02,TOOL_A,64.91090675129261,100.6086846794794,501.94551623687295,2.0814878227834455,8.411235627383462,0
2026-08-03 09:28:44,WAFER_01725,LOT_069,RCP_02,TOOL_B,65.40745593729683,101.14835175060983,492.6314534689362,1.8496370568184317,7.619546620555957,0
2026-08-03 09:28:45,WAFER_01726,LOT_070,RCP_01,TOOL_A,64.66459355896889,101.73708502822903,496.16590840144244,2.0508038470665575,8.131048867937297,0
2026-08-03 09:28:46,WAFER_01727,LOT_070,RCP_01,TOOL_A,65.3785333372473,100.48214611544302,497.8716923994431,1.6303359220904179,8.467457590948747,1
2026-08-03 09:28:47,WAFER_01728,LOT_070,RCP_03,TOOL_A,65.84467007146897,102.06694090664102,502.96822285097403,1.8325181961830117,8.185090920147662,1
2026-08-03 09:28:48,WAFER_01729,LOT_070,RCP_01,TOOL_C,65.50637892546526,101.13839162506471,504.79323295794865,2.177410702994547,7.99060380485942,0
2026-08-03 09:28:49,WAFER_01730,LOT_070,RCP_01,TOOL_B,65.06745967756066,101.35361624522162,504.08029431511204,2.0764893863750444,7.6539732625928405,0
2026-08-03 09:28:50,WAFER_01731,LOT_070,RCP_03,TOOL_A,67.00580435694886,101.51715070569621,499.43288697528976,1.863768608028091,7.797061148305471,1
2026-08-03 09:28:51,WAFER_01732,LOT_070,RCP_01,TOOL_A,65.5061761743402,101.5759290413239,491.0189594942579,1.6748976516527572,8.042635136110366,0
2026-08-03 09:28:52,WAFER_01733,LOT_070,RCP_02,TOOL_B,65.15594125971528,101.20407589653867,501.44615617850866,1.812814767784075,8.061004527404044,0
2026-08-03 09:28:53,WAFER_01734,LOT_070,RCP_01,TOOL_A,64.57955628124077,101.67900614180842,505.44112283513107,1.464717359507952,7.656641930339083,0
2026-08-03 09:28:54,WAFER_01735,LOT_070,RCP_03,TOOL_B,65.40341161958041,101.49724687091029,504.5650245089102,1.3358062533459465,7.764355486219319,0
2026-08-03 09:28:55,WAFER_01736,LOT_070,RCP_02,TOOL_B,65.68463694891201,101.76913483321226,501.7129113360518,1.9662682740216575,7.7808997285153945,0
2026-08-03 09:28:56,WAFER_01737,LOT_070,RCP_03,TOOL_A,66.27057661550062,101.49848446628475,495.5988397719477,1.7250512227387311,7.951198361808979,0
2026-08-03 09:28:57,WAFER_01738,LOT_070,RCP_01,TOOL_B,65.70959796821131,102.04656149755557,498.0563640865749,1.7477165402039465,8.53586777346859,0
2026-08-03 09:28:58,WAFER_01739,LOT_070,RCP_02,TOOL_A,65.37689230723022,101.4424099592903,507.155113275359,1.966189335873323,7.748039492281669,0
2026-08-03 09:28:59,WAFER_01740,LOT_070,RCP_03,TOOL_A,64.84728310097813,100.61381495220806,494.7581007217427,2.0794020770089197,7.736221385053337,0
2026-08-03 09:29:00,WAFER_01741,LOT_070,RCP_01,TOOL_C,65.23383767255632,102.29221901778737,495.7529874558436,2.2268975909655166,8.044052120311163,0
2026-08-03 09:29:01,WAFER_01742,LOT_070,RCP_01,TOOL_B,64.40412685853457,101.08174923877866,503.4874407393115,2.1856145660435624,8.171597034235402,0
2026-08-03 09:29:02,WAFER_01743,LOT_070,RCP_01,TOOL_C,64.28601382717724,101.86830672577666,498.40471079421957,2.2205378268114555,8.338837768984122,0
2026-08-03 09:29:03,WAFER_01744,LOT_070,RCP_03,TOOL_A,65.56479616859708,101.31018150838538,495.62750604784287,1.860442692715999,7.758018831994111,0
2026-08-03 09:29:04,WAFER_01745,LOT_070,RCP_02,TOOL_A,65.25113573468948,101.50321429788897,505.65349336127514,1.8480777645009199,7.90204519237985,0
2026-08-03 09:29:05,WAFER_01746,LOT_070,RCP_02,TOOL_B,65.43362100727079,100.838378013871,501.705907119137,1.5429008875732768,7.786292218741421,0
2026-08-03 09:29:06,WAFER_01747,LOT_070,RCP_02,TOOL_B,65.23862539538533,101.33778292637403,498.58733569180447,1.9911997211280246,8.079890645921097,0
2026-08-03 09:29:07,WAFER_01748,LOT_070,RCP_02,TOOL_C,65.25516127315652,101.00378759275011,495.76063310717177,1.6309067959969428,9.07478168383501,0
2026-08-03 09:29:08,WAFER_01749,LOT_070,RCP_02,TOOL_A,64.52736675920366,101.70002118240416,507.57540428628175,1.6827494285448443,8.148733389536904,0
2026-08-03 09:29:09,WAFER_01750,LOT_070,RCP_02,TOOL_C,64.94961119135137,101.26669390361846,499.90952827063757,2.1245860701135224,8.324893100921011,0
2026-08-03 09:29:10,WAFER_01751,LOT_071,RCP_02,TOOL_C,64.27658394289544,101.45565820369458,505.17011383113714,1.9620475353173275,8.170456618378253,0
2026-08-03 09:29:11,WAFER_01752,LOT_071,RCP_01,TOOL_B,64.0383828178879,100.47765078884024,503.30644411505494,1.7096488153854357,7.6372819778910905,1
2026-08-03 09:29:12,WAFER_01753,LOT_071,RCP_03,TOOL_A,65.80550850072468,101.26748238168032,498.072664221846,2.167875113245446,8.19809622747882,1
2026-08-03 09:29:13,WAFER_01754,LOT_071,RCP_03,TOOL_B,65.08850029098035,101.45600962132215,498.1021178745378,2.0208047771563358,8.183425628158906,0
2026-08-03 09:29:14,WAFER_01755,LOT_071,RCP_01,TOOL_A,65.41879928102867,101.38497366444709,505.3513651223555,1.6628344638386523,7.874152730893482,0
2026-08-03 09:29:15,WAFER_01756,LOT_071,RCP_02,TOOL_B,65.53200683738243,101.46523974121278,505.41131413069394,1.7060866978055247,8.327600175394506,0
2026-08-03 09:29:16,WAFER_01757,LOT_071,RCP_01,TOOL_B,64.70272768418087,101.16095638684776,493.05541088835326,1.5445992102896313,8.005698873498973,0
2026-08-03 09:29:17,WAFER_01758,LOT_071,RCP_03,TOOL_C,65.73334932538654,101.31853909991315,502.0341869656341,2.2609987572012273,8.559185398556686,1
2026-08-03 09:29:18,WAFER_01759,LOT_071,RCP_03,TOOL_B,65.13264477026546,101.7488661704777,499.5515052225226,1.7500515099179048,8.079973190548912,1
2026-08-03 09:29:19,WAFER_01760,LOT_071,RCP_03,TOOL_B,64.56397814017913,100.43409817869076,496.1767042971275,1.4067067058210905,7.952173312433038,1
2026-08-03 09:29:20,WAFER_01761,LOT_071,RCP_01,TOOL_B,65.05918851413239,101.52395319062256,500.96846055045364,1.8201567183620118,7.742181154946978,0
2026-08-03 09:29:21,WAFER_01762,LOT_071,RCP_01,TOOL_B,64.77398053773643,101.17312376612244,495.00649187335034,1.8877957767203652,7.960705120062078,0
2026-08-03 09:29:22,WAFER_01763,LOT_071,RCP_01,TOOL_C,64.78875727491818,100.95331911266962,498.27411518780946,2.3126281946350105,8.577353680601608,0
2026-08-03 09:29:23,WAFER_01764,LOT_071,RCP_01,TOOL_A,65.94816469656585,101.42788680522487,497.0456471887511,1.785329041084645,7.862803519787155,0
2026-08-03 09:29:24,WAFER_01765,LOT_071,RCP_01,TOOL_C,64.26758864828832,101.76643149278729,498.1507723226228,2.0454657674427237,8.468730176812858,0
2026-08-03 09:29:25,WAFER_01766,LOT_071,RCP_01,TOOL_C,65.1837781449783,101.69487465596399,499.7355295734506,2.5172529360979055,8.057661311853519,0
2026-08-03 09:29:26,WAFER_01767,LOT_071,RCP_03,TOOL_C,64.97249252617053,101.24865704825548,496.2424033509497,2.1213172312199102,8.560615750755197,0
2026-08-03 09:29:27,WAFER_01768,LOT_071,RCP_01,TOOL_B,65.43596547644832,101.63278156622916,505.8207624068312,1.943912366319587,8.08449416085229,0
2026-08-03 09:29:28,WAFER_01769,LOT_071,RCP_01,TOOL_C,65.14324699336403,101.62986580140942,501.82514796355827,2.0120920713247483,8.025430095114144,0
2026-08-03 09:29:29,WAFER_01770,LOT_071,RCP_03,TOOL_A,65.6320852876067,101.2667989172126,506.6398832050136,1.9379819303271666,7.939516078649165,0
2026-08-03 09:29:30,WAFER_01771,LOT_071,RCP_02,TOOL_B,64.54645298355092,100.83662939024448,499.40770411441133,1.5088742015191805,8.25148904551596,0
2026-08-03 09:29:31,WAFER_01772,LOT_071,RCP_03,TOOL_A,65.0825178016216,101.0586110681735,497.96947713950067,1.7075864908562732,7.66006121402363,0
2026-08-03 09:29:32,WAFER_01773,LOT_071,RCP_02,TOOL_A,65.44508024352602,101.41838427256988,506.50613777362423,1.5583451521147893,7.710843435571268,0
2026-08-03 09:29:33,WAFER_01774,LOT_071,RCP_03,TOOL_A,66.29998290642924,101.28398421078917,497.8611789624663,1.6790053356261065,7.981235822207647,0
2026-08-03 09:29:34,WAFER_01775,LOT_071,RCP_02,TOOL_A,65.23054775226761,100.70245075650237,499.34031951864023,2.050094008046214,8.575999297216693,0
2026-08-03 09:29:35,WAFER_01776,LOT_072,RCP_02,TOOL_A,64.56923805402971,100.45975212250653,502.66417541884005,1.6775348221392605,7.818403917309335,0
2026-08-03 09:29:36,WAFER_01777,LOT_072,RCP_02,TOOL_C,65.1626904907818,101.41609595179662,495.4204145093001,2.263651225094817,8.483723979888083,0
2026-08-03 09:29:37,WAFER_01778,LOT_072,RCP_02,TOOL_A,66.16518658128206,100.89222419953958,502.6317903337365,2.103453036411408,8.070236560052365,0
2026-08-03 09:29:38,WAFER_01779,LOT_072,RCP_01,TOOL_B,65.04916294914507,101.42554734714928,502.158384144809,1.7944845372793363,7.840829626928303,0
2026-08-03 09:29:39,WAFER_01780,LOT_072,RCP_02,TOOL_A,65.70168361250893,101.57108862468625,504.69650367674,1.998753421011256,8.043506004981916,0
2026-08-03 09:29:40,WAFER_01781,LOT_072,RCP_01,TOOL_B,64.64464190439742,100.80260869879567,503.2931646611375,1.906217191627735,7.879084641234362,1
2026-08-03 09:29:41,WAFER_01782,LOT_072,RCP_03,TOOL_B,65.42979869521454,101.28284779540512,504.809919905647,1.8232873861167067,7.903392706668542,0
2026-08-03 09:29:42,WAFER_01783,LOT_072,RCP_01,TOOL_A,65.29739129894025,101.23513622443683,499.5914389681189,1.9500631178633858,7.551456586251254,0
2026-08-03 09:29:43,WAFER_01784,LOT_072,RCP_01,TOOL_B,65.19071758796618,101.44430229273863,496.8081198207839,2.167987617998371,7.993402216586093,0
2026-08-03 09:29:44,WAFER_01785,LOT_072,RCP_01,TOOL_C,64.63213343354664,101.77088079939976,507.80694603210844,1.9925462174982895,8.592755246788089,0
2026-08-03 09:29:45,WAFER_01786,LOT_072,RCP_03,TOOL_C,65.06143162057731,100.79480831042828,494.3512262225687,1.9281598199647851,8.365504959190515,0
2026-08-03 09:29:46,WAFER_01787,LOT_072,RCP_01,TOOL_A,65.47437651348928,101.51652322050819,494.7219016081669,1.5964170908689312,8.294437095422056,0
2026-08-03 09:29:47,WAFER_01788,LOT_072,RCP_02,TOOL_B,65.57194439007208,101.4919790344976,502.09097374988266,1.998885593947311,8.156688410405154,0
2026-08-03 09:29:48,WAFER_01789,LOT_072,RCP_03,TOOL_B,66.17582890789852,101.22917671569643,506.0124483782562,2.0258735246256707,7.983923847290841,1
2026-08-03 09:29:49,WAFER_01790,LOT_072,RCP_01,TOOL_A,65.86588663196137,101.24777014270062,500.7013381298824,1.692592613333213,7.830460100688159,0
2026-08-03 09:29:50,WAFER_01791,LOT_072,RCP_03,TOOL_C,65.51461732943486,101.45901076021427,503.69742368889814,1.6927972901121306,8.218708796852422,0
2026-08-03 09:29:51,WAFER_01792,LOT_072,RCP_01,TOOL_A,64.85062436276884,101.43103048959811,492.6155299083538,1.6650486520153829,7.602962172036977,0
2026-08-03 09:29:52,WAFER_01793,LOT_072,RCP_01,TOOL_C,65.64847565061366,101.5212939907995,498.1516836399298,2.229570835561399,8.277888699673452,1
2026-08-03 09:29:53,WAFER_01794,LOT_072,RCP_02,TOOL_A,65.34227325528876,101.31328660003246,493.0663931135699,1.7866553722034335,8.039419664812321,0
2026-08-03 09:29:54,WAFER_01795,LOT_072,RCP_03,TOOL_A,64.97842147583955,100.92685052386605,502.887520545446,1.8360695493510735,8.463163696405793,0
2026-08-03 09:29:55,WAFER_01796,LOT_072,RCP_01,TOOL_C,64.50385488055092,101.67630126912788,494.27524409162066,2.0153311163448806,8.492646487285297,0
2026-08-03 09:29:56,WAFER_01797,LOT_072,RCP_02,TOOL_C,65.23612649665102,101.54337760163229,495.2720702696792,2.3228178249419527,8.116489425362746,0
2026-08-03 09:29:57,WAFER_01798,LOT_072,RCP_01,TOOL_C,64.91490816248768,101.37071149960231,501.9018932583572,2.1886383603509274,7.961370565609922,0
2026-08-03 09:29:58,WAFER_01799,LOT_072,RCP_02,TOOL_C,64.98731362172447,100.53222098351112,503.9287501024656,2.2372926944727602,8.294230936454765,1
2026-08-03 09:29:59,WAFER_01800,LOT_072,RCP_02,TOOL_A,65.51481601506089,101.05639663171996,499.4118179995519,1.8318131366053363,8.219176400643493,0
